0.000000000000000000e+00 0.000000000000000000e+00 3.333333507180213928e-02 0.000000000000000000e+00 0.000000000000000000e+00
2.499537169933319092e-02 7.188222662080079317e-05 3.333333507180213928e-02 5.079281618236564100e-05 7.495833635330200195e-01
4.999433457851409912e-02 5.361041985452175140e-06 3.333587571978569031e-02 3.097420994890853763e-05 1.499166488647460938e+00
7.499188184738159180e-02 -2.673391427379101515e-04 3.333742544054985046e-02 -1.584885467309504747e-04 2.248749732971191406e+00
9.997695684432983398e-02 -7.299017161130905151e-04 3.332950174808502197e-02 -5.851031746715307236e-04 2.998333454132080078e+00
1.249329820275306702e-01 -1.283889752812683582e-03 3.330024704337120056e-02 -1.255676150321960449e-03 3.747918128967285156e+00
1.498394012451171875e-01 -1.788136782124638557e-03 3.323746472597122192e-02 -2.112970454618334770e-03 4.497504234313964844e+00
1.746735572814941406e-01 -2.111297100782394409e-03 3.313181549310684204e-02 -3.055179724469780922e-03 5.247093200683593750e+00
1.994123607873916626e-01 -2.175219822674989700e-03 3.297905623912811279e-02 -3.968013916164636612e-03 5.996685028076171875e+00
2.240334600210189819e-01 -1.979192486032843590e-03 3.278065472841262817e-02 -4.759734030812978745e-03 6.746280670166015625e+00
2.485156357288360596e-01 -1.592085696756839752e-03 3.254266828298568726e-02 -5.383467301726341248e-03 7.495881080627441406e+00
2.728387713432312012e-01 -1.121499226428568363e-03 3.227349370718002319e-02 -5.841527599841356277e-03 8.245486259460449219e+00
2.969836294651031494e-01 -6.740598473697900772e-04 3.198141604661941528e-02 -6.172974128276109695e-03 8.995097160339355469e+00
3.209319114685058594e-01 -3.240308142267167568e-04 3.167276829481124878e-02 -6.432713009417057037e-03 9.744714736938476562e+00
3.446663320064544678e-01 -9.775332000572234392e-05 3.135113418102264404e-02 -6.669979542493820190e-03 1.049433898925781250e+01
3.681709468364715576e-01 2.139636490028351545e-05 3.101763501763343811e-02 -6.914964411407709122e-03 1.124397087097167969e+01
3.914315104484558105e-01 7.571854803245514631e-05 3.067188709974288940e-02 -7.175283972173929214e-03 1.199361038208007812e+01
4.144355952739715576e-01 1.094033650588244200e-04 3.031312301754951477e-02 -7.442881818860769272e-03 1.274325752258300781e+01
4.371724128723144531e-01 1.494535827077925205e-04 2.994097955524921417e-02 -7.706160657107830048e-03 1.349291324615478516e+01
4.596322774887084961e-01 1.995635830098763108e-04 2.955567091703414917e-02 -7.960113696753978729e-03 1.424257659912109375e+01
4.818057715892791748e-01 2.445166464895009995e-04 2.915766462683677673e-02 -8.211592212319374084e-03 1.499224853515625000e+01
5.036831498146057129e-01 2.620936720632016659e-04 2.874708548188209534e-02 -8.477977477014064789e-03 1.574192905426025391e+01
5.252535939216613770e-01 2.383807150181382895e-04 2.832318656146526337e-02 -8.779260329902172089e-03 1.649161911010742188e+01
5.465050339698791504e-01 1.753517717588692904e-04 2.788422442972660065e-02 -9.129918180406093597e-03 1.724131774902343750e+01
5.674242377281188965e-01 9.212133591063320637e-05 2.742772921919822693e-02 -9.532274678349494934e-03 1.799102592468261719e+01
5.879970788955688477e-01 1.903859083540737629e-05 2.695111557841300964e-02 -9.974188171327114105e-03 1.874074363708496094e+01
6.082088947296142578e-01 -1.419249019818380475e-05 2.645240537822246552e-02 -1.043291203677654266e-02 1.949047088623046875e+01
6.280452013015747070e-01 1.081463960872497410e-05 2.593076042830944061e-02 -1.088238507509231567e-02 2.024020767211914062e+01
6.474916338920593262e-01 9.579074685461819172e-05 2.538664080202579498e-02 -1.130078267306089401e-02 2.098995590209960938e+01
6.665343642234802246e-01 2.284729271195828915e-04 2.482160180807113647e-02 -1.167459972202777863e-02 2.173971366882324219e+01
6.851601004600524902e-01 3.849895147141069174e-04 2.423787117004394531e-02 -1.200218684971332550e-02 2.248948287963867188e+01
7.033559679985046387e-01 5.418235086835920811e-04 2.363776229321956635e-02 -1.228984910994768143e-02 2.323926162719726562e+01
7.211097478866577148e-01 6.808550679124891758e-04 2.302327007055282593e-02 -1.254850998520851135e-02 2.398905181884765625e+01
7.384096980094909668e-01 7.927016704343259335e-04 2.239584550261497498e-02 -1.278968714177608490e-02 2.473885154724121094e+01
7.552447915077209473e-01 8.773402660153806210e-04 2.175636030733585358e-02 -1.302205212414264679e-02 2.548866271972656250e+01
7.716046571731567383e-01 9.424359886907041073e-04 2.110525779426097870e-02 -1.324923057109117508e-02 2.623848342895507812e+01
7.874795198440551758e-01 9.965465869754552841e-04 2.044279687106609344e-02 -1.347172539681196213e-02 2.698831558227539062e+01
8.028603792190551758e-01 1.047937665134668350e-03 1.976921036839485168e-02 -1.368729863315820694e-02 2.773815727233886719e+01
8.177387118339538574e-01 1.098303589969873428e-03 1.908484473824501038e-02 -1.389539148658514023e-02 2.848801040649414062e+01
8.321063518524169922e-01 1.145352493040263653e-03 1.839007437229156494e-02 -1.409764681011438370e-02 2.923787307739257812e+01
8.459553718566894531e-01 1.186458859592676163e-03 1.768519170582294464e-02 -1.429681386798620224e-02 2.998774528503417969e+01
8.592779040336608887e-01 1.218489604070782661e-03 1.697035133838653564e-02 -1.449703052639961243e-02 3.073762702941894531e+01
8.720659613609313965e-01 1.241679536178708076e-03 1.624549925327301025e-02 -1.470132824033498764e-02 3.148751831054687500e+01
8.843116164207458496e-01 1.260414719581604004e-03 1.551043242216110229e-02 -1.490985415875911713e-02 3.223741912841796875e+01
8.960070013999938965e-01 1.280564814805984497e-03 1.476493943482637405e-02 -1.512019708752632141e-02 3.298732757568359375e+01
9.071443080902099609e-01 1.308892620727419853e-03 1.400892995297908783e-02 -1.532717421650886536e-02 3.373724365234375000e+01
9.177160859107971191e-01 1.349576516076922417e-03 1.324257161468267441e-02 -1.552484836429357529e-02 3.448716735839843750e+01
9.277151823043823242e-01 1.403681118972599506e-03 1.246632914990186691e-02 -1.570777222514152527e-02 3.523710250854492188e+01
9.371348619461059570e-01 1.469109090976417065e-03 1.168094016611576080e-02 -1.587211899459362030e-02 3.598704528808593750e+01
9.459688067436218262e-01 1.540661440230906010e-03 1.088733412325382233e-02 -1.601681113243103027e-02 3.673699188232421875e+01
9.542111754417419434e-01 1.612251857295632362e-03 1.008649356663227081e-02 -1.614314690232276917e-02 3.748694610595703125e+01
9.618565440177917480e-01 1.679594628512859344e-03 9.279335848987102509e-03 -1.625332608819007874e-02 3.823690795898437500e+01
9.688999056816101074e-01 1.740035950206220150e-03 8.466669358313083649e-03 -1.634997129440307617e-02 3.898687362670898438e+01
9.753368496894836426e-01 1.792830065824091434e-03 7.649170700460672379e-03 -1.643539778888225555e-02 3.973684692382812500e+01
9.811633229255676270e-01 1.839475124143064022e-03 6.827400997281074524e-03 -1.651069708168506622e-02 4.048682403564453125e+01
9.863758087158203125e-01 1.881653559394180775e-03 6.001865956932306290e-03 -1.657635904848575592e-02 4.123680496215820312e+01
9.909712672233581543e-01 1.921842689625918865e-03 5.173048004508018494e-03 -1.663175038993358612e-02 4.198678970336914062e+01
9.949471354484558105e-01 1.959285698831081390e-03 4.341460298746824265e-03 -1.667763292789459229e-02 4.273677825927734375e+01
9.983012080192565918e-01 1.994830090552568436e-03 3.507578745484352112e-03 -1.671393960714340210e-02 4.348677062988281250e+01
1.001031637191772461e+00 2.027964219450950623e-03 2.671881811693310738e-03 -1.674125529825687408e-02 4.423676681518554688e+01
1.003136992454528809e+00 2.057225676253437996e-03 1.834819093346595764e-03 -1.676104962825775146e-02 4.498676300048828125e+01
1.004616022109985352e+00 2.083243103697896004e-03 9.967666119337081909e-04 -1.677388139069080353e-02 4.573676300048828125e+01
1.005467772483825684e+00 2.106608124449849129e-03 1.580725074745714664e-04 -1.678014732897281647e-02 4.648676300048828125e+01
1.005691647529602051e+00 2.130227861925959587e-03 -6.809348706156015396e-04 -1.677841693162918091e-02 4.723676300048828125e+01
1.005287408828735352e+00 2.155039692297577858e-03 -1.519855810329318047e-03 -1.676758378744125366e-02 4.798676300048828125e+01
1.004255294799804688e+00 2.182349096983671188e-03 -2.358234953135251999e-03 -1.674590073525905609e-02 4.873676300048828125e+01
1.002595782279968262e+00 2.211531624197959900e-03 -3.195530036464333534e-03 -1.671245694160461426e-02 4.948676300048828125e+01
1.000309705734252930e+00 2.242253394797444344e-03 -4.031152930110692978e-03 -1.666631549596786499e-02 5.023675918579101562e+01
9.973984360694885254e-01 2.273068996146321297e-03 -4.864468704909086227e-03 -1.660739444196224213e-02 5.098675537109375000e+01
9.938637614250183105e-01 2.302287844941020012e-03 -5.694838240742683411e-03 -1.653628237545490265e-02 5.173674774169921875e+01
9.897077679634094238e-01 2.329384209588170052e-03 -6.521652452647686005e-03 -1.645336113870143890e-02 5.248673629760742188e+01
9.849330186843872070e-01 2.353895222768187523e-03 -7.344320416450500488e-03 -1.635915972292423248e-02 5.323672103881835938e+01
9.795424938201904297e-01 2.375411102548241615e-03 -8.162278681993484497e-03 -1.625435985624790192e-02 5.398670196533203125e+01
9.735395908355712891e-01 2.394561422988772392e-03 -8.974996395409107208e-03 -1.613908261060714722e-02 5.473667907714843750e+01
9.669281840324401855e-01 2.411880297586321831e-03 -9.781950153410434723e-03 -1.601330190896987915e-02 5.548664855957031250e+01
9.597124457359313965e-01 2.426310675218701363e-03 -1.058261562138795853e-02 -1.587792858481407166e-02 5.623661422729492188e+01
9.518969655036926270e-01 2.438846975564956665e-03 -1.137651223689317703e-02 -1.573283225297927856e-02 5.698657226562500000e+01
9.434866905212402344e-01 2.449377672746777534e-03 -1.216315384954214096e-02 -1.557831373065710068e-02 5.773652648925781250e+01
9.344869852066040039e-01 2.457665745168924332e-03 -1.294206921011209488e-02 -1.541481632739305496e-02 5.848647308349609375e+01
9.249035716056823730e-01 2.464476972818374634e-03 -1.371281035244464874e-02 -1.524217519909143448e-02 5.923641204833984375e+01
9.147424697875976562e-01 2.469334052875638008e-03 -1.447491906583309174e-02 -1.506082993000745773e-02 5.998634338378906250e+01
9.040101170539855957e-01 2.472338033840060234e-03 -1.522796042263507843e-02 -1.487100031226873398e-02 6.073626708984375000e+01
8.927131891250610352e-01 2.473562257364392281e-03 -1.597150973975658417e-02 -1.467290055006742477e-02 6.148618316650390625e+01
8.808587193489074707e-01 2.474221633747220039e-03 -1.670515537261962891e-02 -1.446591783314943314e-02 6.223608779907226562e+01
8.684541583061218262e-01 2.474891487509012222e-03 -1.742845214903354645e-02 -1.424945052713155746e-02 6.298598480224609375e+01
8.555071949958801270e-01 2.474685898050665855e-03 -1.814092509448528290e-02 -1.402369700372219086e-02 6.373587417602539062e+01
8.420259356498718262e-01 2.473613014444708824e-03 -1.884211041033267975e-02 -1.378854364156723022e-02 6.448575592041015625e+01
8.280188441276550293e-01 2.470380859449505806e-03 -1.953153684735298157e-02 -1.354478672146797180e-02 6.523562622070312500e+01
8.134946227073669434e-01 2.466281643137335777e-03 -2.020877599716186523e-02 -1.329188141971826553e-02 6.598548889160156250e+01
7.984623908996582031e-01 2.459974726662039757e-03 -2.087336964905261993e-02 -1.303066965192556381e-02 6.673533630371093750e+01
7.829314470291137695e-01 2.452121814712882042e-03 -2.152490243315696716e-02 -1.276108343154191971e-02 6.748517608642578125e+01
7.669115662574768066e-01 2.443238394334912300e-03 -2.216295711696147919e-02 -1.248292252421379089e-02 6.823500823974609375e+01
7.504128217697143555e-01 2.432869514450430870e-03 -2.278710342943668365e-02 -1.219648867845535278e-02 6.898482513427734375e+01
7.334455847740173340e-01 2.420027041807770729e-03 -2.339692786335945129e-02 -1.190262939780950546e-02 6.973463439941406250e+01
7.160204648971557617e-01 2.404501428827643394e-03 -2.399205975234508514e-02 -1.160202454775571823e-02 7.048442840576171875e+01
6.981483101844787598e-01 2.388049848377704620e-03 -2.457216009497642517e-02 -1.129406597465276718e-02 7.123421478271484375e+01
6.798403859138488770e-01 2.369822701439261436e-03 -2.513686381280422211e-02 -1.097935065627098083e-02 7.198399353027343750e+01
6.611081957817077637e-01 2.350565977394580841e-03 -2.568583190441131592e-02 -1.065767183899879456e-02 7.273375701904296875e+01
6.419634222984313965e-01 2.329113427549600601e-03 -2.621871605515480042e-02 -1.032990682870149612e-02 7.348351287841796875e+01
6.224180459976196289e-01 2.306650625541806221e-03 -2.673521079123020172e-02 -9.995711036026477814e-03 7.423326110839843750e+01
6.024843454360961914e-01 2.282047411426901817e-03 -2.723499573767185211e-02 -9.655953384935855865e-03 7.498299407958984375e+01
5.821746587753295898e-01 2.256753388792276382e-03 -2.771779336035251617e-02 -9.310108609497547150e-03 7.573271942138671875e+01
5.615017414093017578e-01 2.230046084150671959e-03 -2.818329818546772003e-02 -8.958660997450351715e-03 7.648243713378906250e+01
5.404785275459289551e-01 2.202368574216961861e-03 -2.863123081624507904e-02 -8.601544424891471863e-03 7.723213958740234375e+01
5.191181302070617676e-01 2.173903631046414375e-03 -2.906130813062191010e-02 -8.238718844950199127e-03 7.798183441162109375e+01
4.974338710308074951e-01 2.144015161320567131e-03 -2.947324328124523163e-02 -7.870658300817012787e-03 7.873152160644531250e+01
4.754392802715301514e-01 2.112783491611480713e-03 -2.986677549779415131e-02 -7.497572340071201324e-03 7.948120117187500000e+01
4.531481266021728516e-01 2.079411642625927925e-03 -3.024165332317352295e-02 -7.120270747691392899e-03 8.023087310791015625e+01
4.305742681026458740e-01 2.044624881818890572e-03 -3.059766627848148346e-02 -6.738802418112754822e-03 8.098052978515625000e+01
4.077317714691162109e-01 2.009764779359102249e-03 -3.093460574746131897e-02 -6.352528929710388184e-03 8.173017883300781250e+01
3.846349716186523438e-01 1.973643200471997261e-03 -3.125223144888877869e-02 -5.962106864899396896e-03 8.247982025146484375e+01
3.612982332706451416e-01 1.937618944793939590e-03 -3.155033662915229797e-02 -5.566834472119808197e-03 8.322945404052734375e+01
3.377362489700317383e-01 1.898869173601269722e-03 -3.182867914438247681e-02 -5.168461240828037262e-03 8.397908020019531250e+01
3.139636516571044922e-01 1.858878880739212036e-03 -3.208710253238677979e-02 -4.766751080751419067e-03 8.472870635986328125e+01
2.899953424930572510e-01 1.815880066715180874e-03 -3.232543915510177612e-02 -4.363239277154207230e-03 8.547832489013671875e+01
2.658462226390838623e-01 1.770652015693485737e-03 -3.254359960556030273e-02 -3.958342596888542175e-03 8.622793579101562500e+01
2.415313124656677246e-01 1.725041656754910946e-03 -3.274151682853698730e-02 -3.551471978425979614e-03 8.697753906250000000e+01
2.170657664537429810e-01 1.680627116002142429e-03 -3.291909024119377136e-02 -3.141561057418584824e-03 8.772714233398437500e+01
1.924648880958557129e-01 1.635839813388884068e-03 -3.307616710662841797e-02 -2.729171188548207283e-03 8.847673797607421875e+01
1.677440404891967773e-01 1.590039813891053200e-03 -3.321262449026107788e-02 -2.314777346327900887e-03 8.922633361816406250e+01
1.429186165332794189e-01 1.542903017252683640e-03 -3.332836180925369263e-02 -1.898873480968177319e-03 8.997592163085937500e+01
1.180040687322616577e-01 1.494946191087365150e-03 -3.342330455780029297e-02 -1.481493702158331871e-03 9.072550964355468750e+01
9.301596134901046753e-02 1.445560250431299210e-03 -3.349737823009490967e-02 -1.063289935700595379e-03 9.147509002685546875e+01
6.796985864639282227e-02 1.395384548231959343e-03 -3.355054184794425964e-02 -6.442712619900703430e-04 9.222467041015625000e+01
4.288139939308166504e-02 1.344629912637174129e-03 -3.358275443315505981e-02 -2.245280775241553783e-04 9.297425079345703125e+01
1.776625774800777435e-02 1.292294822633266449e-03 -3.359398245811462402e-02 1.950618461705744267e-04 9.372383117675781250e+01
-7.359910756349563599e-03 1.238365308381617069e-03 -3.358422964811325073e-02 6.139327888377010822e-04 9.447341156005859375e+01
-3.248146176338195801e-02 1.182894688099622726e-03 -3.355353325605392456e-02 1.031536841765046120e-03 9.522299194335937500e+01
-5.758278071880340576e-02 1.127820461988449097e-03 -3.350195661187171936e-02 1.448652357794344425e-03 9.597257232666015625e+01
-8.264818787574768066e-02 1.072755898348987103e-03 -3.342952579259872437e-02 1.865121885202825069e-03 9.672215270996093750e+01
-1.076620519161224365e-01 1.017665374092757702e-03 -3.333627060055732727e-02 2.280895598232746124e-03 9.747173309326171875e+01
-1.326087713241577148e-01 9.628913248889148235e-04 -3.322222456336021423e-02 2.696176525205373764e-03 9.822132110595703125e+01
-1.574727445840835571e-01 9.064367623068392277e-04 -3.308741748332977295e-02 3.109642537310719490e-03 9.897090911865234375e+01
-1.822384893894195557e-01 8.489100728183984756e-04 -3.293193504214286804e-02 3.521061735227704048e-03 9.972049713134765625e+01
-2.068905532360076904e-01 7.912483415566384792e-04 -3.275588154792785645e-02 3.930634818971157074e-03 1.004700927734375000e+02
-2.314135283231735229e-01 7.318601128645241261e-04 -3.255935013294219971e-02 4.337111487984657288e-03 1.012196884155273438e+02
-2.557921409606933594e-01 6.720029050484299660e-04 -3.234249353408813477e-02 4.740646574646234512e-03 1.019692916870117188e+02
-2.800112068653106689e-01 6.113767740316689014e-04 -3.210546076297760010e-02 5.140737164765596390e-03 1.027189025878906250e+02
-3.040556013584136963e-01 5.503155407495796680e-04 -3.184842318296432495e-02 5.537203047424554825e-03 1.034685134887695312e+02
-3.279103934764862061e-01 4.902478540316224098e-04 -3.157156333327293396e-02 5.930745042860507965e-03 1.042181320190429688e+02
-3.515606224536895752e-01 4.303381138015538454e-04 -3.127502650022506714e-02 6.320991087704896927e-03 1.049677581787109375e+02
-3.749915659427642822e-01 3.702760150190442801e-04 -3.095897659659385681e-02 6.707635242491960526e-03 1.057173919677734375e+02
-3.981885910034179688e-01 3.102198534179478884e-04 -3.062359429895877838e-02 7.090579718351364136e-03 1.064670333862304688e+02
-4.211371839046478271e-01 2.491485502105206251e-04 -3.026906587183475494e-02 7.468944881111383438e-03 1.072166824340820312e+02
-4.438230693340301514e-01 1.868616964202374220e-04 -2.989561855792999268e-02 7.842038758099079132e-03 1.079663391113281250e+02
-4.662320911884307861e-01 1.246009196620434523e-04 -2.950351685285568237e-02 8.210088126361370087e-03 1.087160034179687500e+02
-4.883503019809722900e-01 6.247350393095985055e-05 -2.909301221370697021e-02 8.572957478463649750e-03 1.094656753540039062e+02
-5.101638436317443848e-01 2.002354449359700084e-06 -2.866436354815959930e-02 8.931544609367847443e-03 1.102153549194335938e+02
-5.316590666770935059e-01 -5.930996485403738916e-05 -2.821778692305088043e-02 9.284473955631256104e-03 1.109650497436523438e+02
-5.528225898742675781e-01 -1.209292531711980700e-04 -2.775356359779834747e-02 9.631586261093616486e-03 1.117147521972656250e+02
-5.736411213874816895e-01 -1.825187355279922485e-04 -2.727198414504528046e-02 9.972757659852504730e-03 1.124644622802734375e+02
-5.941016674041748047e-01 -2.438601222820580006e-04 -2.677334658801555634e-02 1.030789408832788467e-02 1.132141799926757812e+02
-6.141914725303649902e-01 -3.051433886867016554e-04 -2.625795267522335052e-02 1.063668448477983475e-02 1.139639129638671875e+02
-6.338979005813598633e-01 -3.672916791401803493e-04 -2.572611905634403229e-02 1.095822080969810486e-02 1.147136535644531250e+02
-6.532087326049804688e-01 -4.290122888050973415e-04 -2.517820894718170166e-02 1.127279736101627350e-02 1.154634017944335938e+02
-6.721118688583374023e-01 -4.898656625300645828e-04 -2.461456879973411560e-02 1.158056966960430145e-02 1.162131652832031250e+02
-6.905953884124755859e-01 -5.503367865458130836e-04 -2.403553947806358337e-02 1.188119780272245407e-02 1.169629364013671875e+02
-7.086478471755981445e-01 -6.116543081589043140e-04 -2.344148047268390656e-02 1.217363495379686356e-02 1.177127227783203125e+02
-7.262579202651977539e-01 -6.711099413223564625e-04 -2.283279784023761749e-02 1.245913840830326080e-02 1.184625167846679688e+02
-7.434145808219909668e-01 -7.303517195396125317e-04 -2.220984175801277161e-02 1.273688673973083496e-02 1.192123184204101562e+02
-7.601071000099182129e-01 -7.883529760874807835e-04 -2.157299779355525970e-02 1.300734002143144608e-02 1.199621353149414062e+02
-7.763249874114990234e-01 -8.466574945487082005e-04 -2.092263102531433105e-02 1.326951570808887482e-02 1.207119598388671875e+02
-7.920581102371215820e-01 -9.045053157024085522e-04 -2.025915496051311493e-02 1.352347992360591888e-02 1.214617919921875000e+02
-8.072966337203979492e-01 -9.617875912226736546e-04 -1.958298124372959137e-02 1.376910880208015442e-02 1.222116394042968750e+02
-8.220310211181640625e-01 -1.019011717289686203e-03 -1.889452524483203888e-02 1.400587148964405060e-02 1.229614944458007812e+02
-8.362520337104797363e-01 -1.076063024811446667e-03 -1.819423213601112366e-02 1.423347555100917816e-02 1.237113571166992188e+02
-8.499507308006286621e-01 -1.132206176407635212e-03 -1.748255826532840729e-02 1.445209886878728867e-02 1.244612350463867188e+02
-8.631185889244079590e-01 -1.186774927191436291e-03 -1.675995253026485443e-02 1.466212794184684753e-02 1.252111206054687500e+02
-8.757473230361938477e-01 -1.241364632733166218e-03 -1.602684706449508667e-02 1.486260164529085159e-02 1.259610137939453125e+02
-8.878290057182312012e-01 -1.295279245823621750e-03 -1.528371684253215790e-02 1.505357958376407623e-02 1.267109146118164062e+02
-8.993561267852783203e-01 -1.347062294371426105e-03 -1.453103777021169662e-02 1.523590646684169769e-02 1.274608230590820312e+02
-9.103213548660278320e-01 -1.398010062985122204e-03 -1.376924291253089905e-02 1.540901884436607361e-02 1.282107391357421875e+02
-9.207178354263305664e-01 -1.448664348572492599e-03 -1.299879234284162521e-02 1.557241566479206085e-02 1.289606628417968750e+02
-9.305390715599060059e-01 -1.498511759564280510e-03 -1.222017128020524979e-02 1.572612859308719635e-02 1.297106018066406250e+02
-9.397788643836975098e-01 -1.548810629174113274e-03 -1.143386494368314743e-02 1.586911641061306000e-02 1.304605407714843750e+02
-9.484314918518066406e-01 -1.597498659975826740e-03 -1.064040884375572205e-02 1.600220426917076111e-02 1.312104949951171875e+02
-9.564915299415588379e-01 -1.645288197323679924e-03 -9.840298444032669067e-03 1.612500660121440887e-02 1.319604492187500000e+02
-9.639539122581481934e-01 -1.691145007498562336e-03 -9.034047834575176239e-03 1.623810455203056335e-02 1.327104187011718750e+02
-9.708139300346374512e-01 -1.736448961310088634e-03 -8.222142234444618225e-03 1.634076237678527832e-02 1.334603881835937500e+02
-9.770672917366027832e-01 -1.779933576472103596e-03 -7.405104115605354309e-03 1.643359847366809845e-02 1.342103576660156250e+02
-9.827100634574890137e-01 -1.821915386244654655e-03 -6.583424285054206848e-03 1.651658304035663605e-02 1.349603424072265625e+02
-9.877386689186096191e-01 -1.863240730017423630e-03 -5.757594946771860123e-03 1.658919826149940491e-02 1.357103271484375000e+02
-9.921500086784362793e-01 -1.903818105347454548e-03 -4.928134847432374954e-03 1.665127091109752655e-02 1.364603118896484375e+02
-9.959412813186645508e-01 -1.943379989825189114e-03 -4.095571115612983704e-03 1.670277863740921021e-02 1.372102966308593750e+02
-9.991101026535034180e-01 -1.981406239792704582e-03 -3.260432276874780655e-03 1.674396917223930359e-02 1.379602966308593750e+02
-1.001654505729675293e+00 -2.018823055550456047e-03 -2.423233818262815475e-03 1.677425578236579895e-02 1.387102966308593750e+02
-1.003572821617126465e+00 -2.055463613942265511e-03 -1.584521029144525528e-03 1.679348014295101166e-02 1.394602966308593750e+02
-1.004863977432250977e+00 -2.089837566018104553e-03 -7.448469987139105797e-04 1.680247113108634949e-02 1.402102966308593750e+02
-1.005527138710021973e+00 -2.122317673638463020e-03 9.527656948193907738e-05 1.680129207670688629e-02 1.409602966308593750e+02
-1.005561828613281250e+00 -2.153684617951512337e-03 9.353411733172833920e-04 1.678959093987941742e-02 1.417102966308593750e+02
-1.004968047142028809e+00 -2.183254575356841087e-03 1.774820731952786446e-03 1.676776632666587830e-02 1.424602966308593750e+02
-1.003746151924133301e+00 -2.211583079770207405e-03 2.613209187984466553e-03 1.673559285700321198e-02 1.432102966308593750e+02
-1.001896858215332031e+00 -2.238409593701362610e-03 3.449988784268498421e-03 1.669322326779365540e-02 1.439602966308593750e+02
-9.994212985038757324e-01 -2.264969516545534134e-03 4.284650087356567383e-03 1.663984544575214386e-02 1.447102966308593750e+02
-9.963210821151733398e-01 -2.290833508595824242e-03 5.116642452776432037e-03 1.657536439597606659e-02 1.454602966308593750e+02
-9.925981760025024414e-01 -2.315650694072246552e-03 5.945410579442977905e-03 1.649977080523967743e-02 1.462102813720703125e+02
-9.882549047470092773e-01 -2.338425721973180771e-03 6.770398933440446854e-03 1.641363278031349182e-02 1.469602661132812500e+02
-9.832940697669982910e-01 -2.358613768592476845e-03 7.591080386191606522e-03 1.631757430732250214e-02 1.477102508544921875e+02
-9.777187705039978027e-01 -2.376746153458952904e-03 8.406959474086761475e-03 1.621166989207267761e-02 1.484602355957031250e+02
-9.715324640274047852e-01 -2.392940688878297806e-03 9.217542596161365509e-03 1.609610579907894135e-02 1.492102050781250000e+02
-9.647390246391296387e-01 -2.407263033092021942e-03 1.002234779298305511e-02 1.597108133137226105e-02 1.499601745605468750e+02
-9.573427438735961914e-01 -2.420617500320076942e-03 1.082090195268392563e-02 1.583617739379405975e-02 1.507101440429687500e+02
-9.493482708930969238e-01 -2.432880457490682602e-03 1.161271054297685623e-02 1.569137722253799438e-02 1.514600982666015625e+02
-9.407605528831481934e-01 -2.444586018100380898e-03 1.239727903157472610e-02 1.553624030202627182e-02 1.522100524902343750e+02
-9.315850734710693359e-01 -2.455003326758742332e-03 1.317409146577119827e-02 1.537101715803146362e-02 1.529599914550781250e+02
-9.218275547027587891e-01 -2.463834593072533607e-03 1.394264213740825653e-02 1.519590895622968674e-02 1.537099304199218750e+02
-9.114940762519836426e-01 -2.470584819093346596e-03 1.470243744552135468e-02 1.501137949526309967e-02 1.544598541259765625e+02
-9.005911350250244141e-01 -2.475352492183446884e-03 1.545300614088773727e-02 1.481765788048505783e-02 1.552097778320312500e+02
-8.891255855560302734e-01 -2.478779759258031845e-03 1.619388908147811890e-02 1.461457088589668274e-02 1.559596862792968750e+02
-8.771046400070190430e-01 -2.479999326169490814e-03 1.692461781203746796e-02 1.440277788788080215e-02 1.567095947265625000e+02
-8.645357489585876465e-01 -2.479983028024435043e-03 1.764475740492343903e-02 1.418197061866521835e-02 1.574594879150390625e+02
-8.514268398284912109e-01 -2.478098031133413315e-03 1.835385523736476898e-02 1.395262405276298523e-02 1.582093658447265625e+02
-8.377860784530639648e-01 -2.475795801728963852e-03 1.905148662626743317e-02 1.371398288756608963e-02 1.589592437744140625e+02
-8.236221075057983398e-01 -2.472454216331243515e-03 1.973718591034412384e-02 1.346621755510568619e-02 1.597091064453125000e+02
-8.089437484741210938e-01 -2.467305166646838188e-03 2.041049674153327942e-02 1.320982817560434341e-02 1.604589691162109375e+02
-7.937602996826171875e-01 -2.458506030961871147e-03 2.107098884880542755e-02 1.294636167585849762e-02 1.612088165283203125e+02
-7.780811190605163574e-01 -2.447671489790081978e-03 2.171830646693706512e-02 1.267562992870807648e-02 1.619586486816406250e+02
-7.619160413742065430e-01 -2.437233924865722656e-03 2.235208824276924133e-02 1.239630021154880524e-02 1.627084808349609375e+02
-7.452751994132995605e-01 -2.425234066322445869e-03 2.297190390527248383e-02 1.210923865437507629e-02 1.634582977294921875e+02
-7.281690239906311035e-01 -2.412106841802597046e-03 2.357736602425575256e-02 1.181433908641338348e-02 1.642080993652343750e+02
-7.106081843376159668e-01 -2.398390322923660278e-03 2.416808344423770905e-02 1.151126809418201447e-02 1.649579010009765625e+02
-6.926037669181823730e-01 -2.381973667070269585e-03 2.474364638328552246e-02 1.120136119425296783e-02 1.657076873779296875e+02
-6.741669774055480957e-01 -2.363221952691674232e-03 2.530371397733688354e-02 1.088499743491411209e-02 1.664574584960937500e+02
-6.553093194961547852e-01 -2.344799693673849106e-03 2.584796398878097534e-02 1.056081987917423248e-02 1.672072143554687500e+02
-6.360427141189575195e-01 -2.324654720723628998e-03 2.637600526213645935e-02 1.022981852293014526e-02 1.679569702148437500e+02
-6.163792014122009277e-01 -2.301095286384224892e-03 2.688749693334102631e-02 9.893492795526981354e-03 1.687067108154296875e+02
-5.963310003280639648e-01 -2.276135142892599106e-03 2.738217078149318695e-02 9.551368653774261475e-03 1.694564361572265625e+02
-5.759106874465942383e-01 -2.249605953693389893e-03 2.785973995923995972e-02 9.203797206282615662e-03 1.702061614990234375e+02
-5.551310181617736816e-01 -2.221273723989725113e-03 2.831993065774440765e-02 8.851252496242523193e-03 1.709558715820312500e+02
-5.340049266815185547e-01 -2.192701445892453194e-03 2.876249328255653381e-02 8.493037894368171692e-03 1.717055664062500000e+02
-5.125456452369689941e-01 -2.163667231798171997e-03 2.918714471161365509e-02 8.129147812724113464e-03 1.724552612304687500e+02
-4.907665252685546875e-01 -2.134046750143170357e-03 2.959360182285308838e-02 7.759583182632923126e-03 1.732049407958984375e+02
-4.686812162399291992e-01 -2.102744532749056816e-03 2.998158149421215057e-02 7.385073229670524597e-03 1.739546203613281250e+02
-4.463034868240356445e-01 -2.069880021736025810e-03 3.035083599388599396e-02 7.005902472883462906e-03 1.747042846679687500e+02
-4.236473143100738525e-01 -2.036318881437182426e-03 3.070113062858581543e-02 6.621799431741237640e-03 1.754539489746093750e+02
-4.007268548011779785e-01 -1.999146770685911179e-03 3.103222139179706573e-02 6.234851200133562088e-03 1.762035980224609375e+02
-3.775563240051269531e-01 -1.962127862498164177e-03 3.134396299719810486e-02 5.843527615070343018e-03 1.769532470703125000e+02
-3.541502654552459717e-01 -1.923042815178632736e-03 3.163614124059677124e-02 5.449155345559120178e-03 1.777028808593750000e+02
-3.305232226848602295e-01 -1.884343801066279411e-03 3.190859779715538025e-02 5.050587467849254608e-03 1.784525146484375000e+02
-3.066900074481964111e-01 -1.842965488322079182e-03 3.216112777590751648e-02 4.649673588573932648e-03 1.792021331787109375e+02
-2.826654314994812012e-01 -1.801849808543920517e-03 3.239361196756362915e-02 4.245163872838020325e-03 1.799517517089843750e+02
-2.584645152091979980e-01 -1.760185812599956989e-03 3.260587155818939209e-02 3.837385913357138634e-03 1.807013549804687500e+02
-2.341024130582809448e-01 -1.718184445053339005e-03 3.279774263501167297e-02 3.426239127293229103e-03 1.814509582519531250e+02
-2.095943838357925415e-01 -1.673919265158474445e-03 3.296905383467674255e-02 3.013056004419922829e-03 1.822005615234375000e+02
-1.849557161331176758e-01 -1.627000514417886734e-03 3.311970829963684082e-02 2.598809776827692986e-03 1.829501495361328125e+02
-1.602017879486083984e-01 -1.578260911628603935e-03 3.324965015053749084e-02 2.183788688853383064e-03 1.836997375488281250e+02
-1.353480070829391479e-01 -1.527799642644822598e-03 3.335883840918540955e-02 1.768522546626627445e-03 1.844493255615234375e+02
-1.104098707437515259e-01 -1.476391335017979145e-03 3.344726562500000000e-02 1.353052444756031036e-03 1.851989135742187500e+02
-8.540287613868713379e-02 -1.424378599040210247e-03 3.351491689682006836e-02 9.374581277370452881e-04 1.859485015869140625e+02
-6.034257262945175171e-02 -1.372788683511316776e-03 3.356178849935531616e-02 5.212193354964256287e-04 1.866980895996093750e+02
-3.524455800652503967e-02 -1.321657910011708736e-03 3.358785063028335571e-02 1.041366776917129755e-04 1.874476623535156250e+02
-1.012445054948329926e-02 -1.272462774068117142e-03 3.359305858612060547e-02 -3.150289412587881088e-04 1.881972351074218750e+02
1.500201970338821411e-02 -1.223346102051436901e-03 3.357730805873870850e-02 -7.357279537245631218e-04 1.889468078613281250e+02
4.011913388967514038e-02 -1.172411139123141766e-03 3.354052081704139709e-02 -1.156714977696537971e-03 1.896963806152343750e+02
6.521122157573699951e-02 -1.119226450100541115e-03 3.348268568515777588e-02 -1.577066723257303238e-03 1.904459533691406250e+02
9.026261419057846069e-02 -1.063415431417524815e-03 3.340383246541023254e-02 -1.995708793401718140e-03 1.911955413818359375e+02
1.152576953172683716e-01 -1.003923243843019009e-03 3.330404683947563171e-02 -2.410909626632928848e-03 1.919451293945312500e+02
1.401809453964233398e-01 -9.431607904843986034e-04 3.318350017070770264e-02 -2.822944195941090584e-03 1.926947174072265625e+02
1.650168746709823608e-01 -8.826611447148025036e-04 3.304235264658927917e-02 -3.232316114008426666e-03 1.934443054199218750e+02
1.897500157356262207e-01 -8.244191994890570641e-04 3.288073837757110596e-02 -3.640410024672746658e-03 1.941938934326171875e+02
2.143649309873580933e-01 -7.684036972932517529e-04 3.269871696829795837e-02 -4.047932103276252747e-03 1.949434967041015625e+02
2.388461977243423462e-01 -7.126284763216972351e-04 3.249632194638252258e-02 -4.454228095710277557e-03 1.956930999755859375e+02
2.631785273551940918e-01 -6.556825828738510609e-04 3.227360919117927551e-02 -4.858332686126232147e-03 1.964427032470703125e+02
2.873467504978179932e-01 -5.980315036140382290e-04 3.203069418668746948e-02 -5.260074045509099960e-03 1.971923065185546875e+02
3.113357722759246826e-01 -5.395366461016237736e-04 3.176768869161605835e-02 -5.659007932990789413e-03 1.979419250488281250e+02
3.351305723190307617e-01 -4.780965391546487808e-04 3.148473799228668213e-02 -6.053235381841659546e-03 1.986915435791015625e+02
3.587163388729095459e-01 -4.155124188400804996e-04 3.118207678198814392e-02 -6.442802958190441132e-03 1.994411773681640625e+02
3.820783495903015137e-01 -3.498422447592020035e-04 3.085993602871894836e-02 -6.825738120824098587e-03 2.001908111572265625e+02
4.052021503448486328e-01 -2.865510468836873770e-04 3.051864914596080780e-02 -7.204541936516761780e-03 2.009404602050781250e+02
4.280732572078704834e-01 -2.246963267680257559e-04 3.015842288732528687e-02 -7.579194847494363785e-03 2.016901092529296875e+02
4.506774246692657471e-01 -1.652868813835084438e-04 2.977946400642395020e-02 -7.950727827847003937e-03 2.024397735595703125e+02
4.730004668235778809e-01 -1.055671236827038229e-04 2.938192710280418396e-02 -8.317908272147178650e-03 2.031894378662109375e+02
4.950284659862518311e-01 -4.703424565377645195e-05 2.896603196859359741e-02 -8.681498467922210693e-03 2.039391174316406250e+02
5.167475938796997070e-01 1.255698953173123300e-05 2.853195741772651672e-02 -9.040167555212974548e-03 2.046887969970703125e+02
5.381442904472351074e-01 7.484384695999324322e-05 2.807994931936264038e-02 -9.392179548740386963e-03 2.054384918212890625e+02
5.592052340507507324e-01 1.381238689646124840e-04 2.761034108698368073e-02 -9.737512096762657166e-03 2.061882019042968750e+02
5.799172520637512207e-01 2.026392030529677868e-04 2.712346613407135010e-02 -1.007535587996244431e-02 2.069379119873046875e+02
6.002674698829650879e-01 2.653797855600714684e-04 2.661969885230064392e-02 -1.040708273649215698e-02 2.076876373291015625e+02
6.202431321144104004e-01 3.283923142589628696e-04 2.609934471547603607e-02 -1.073159556835889816e-02 2.084373779296875000e+02
6.398318409919738770e-01 3.896502312272787094e-04 2.556276507675647736e-02 -1.104991696774959564e-02 2.091871185302734375e+02
6.590213179588317871e-01 4.476328904274851084e-04 2.501026913523674011e-02 -1.136345788836479187e-02 2.099368743896484375e+02
6.777994632720947266e-01 5.058755632489919662e-04 2.444209530949592590e-02 -1.167064905166625977e-02 2.106866455078125000e+02
6.961544752120971680e-01 5.655413260683417320e-04 2.385856211185455322e-02 -1.197030209004878998e-02 2.114364166259765625e+02
7.140749692916870117e-01 6.257181521505117416e-04 2.326004765927791595e-02 -1.226223725825548172e-02 2.121862030029296875e+02
7.315497398376464844e-01 6.855649407953023911e-04 2.264693565666675568e-02 -1.254652999341487885e-02 2.129360046386718750e+02
7.485677599906921387e-01 7.459958433173596859e-04 2.201960980892181396e-02 -1.282231695950031281e-02 2.136858062744140625e+02
7.651184201240539551e-01 8.062963606789708138e-04 2.137849479913711548e-02 -1.308952551335096359e-02 2.144356231689453125e+02
7.811913490295410156e-01 8.659747545607388020e-04 2.072401903569698334e-02 -1.334817055612802505e-02 2.151854553222656250e+02
7.967765331268310547e-01 9.250615839846432209e-04 2.005661092698574066e-02 -1.359806861728429794e-02 2.159352874755859375e+02
8.118642568588256836e-01 9.820957202464342117e-04 1.937670819461345673e-02 -1.384007092565298080e-02 2.166851348876953125e+02
8.264449834823608398e-01 1.039332593791186810e-03 1.868470385670661926e-02 -1.407294813543558121e-02 2.174349975585937500e+02
8.405096530914306641e-01 1.094997394829988480e-03 1.798105612397193909e-02 -1.429747976362705231e-02 2.181848602294921875e+02
8.540494441986083984e-01 1.148818875662982464e-03 1.726618222892284393e-02 -1.451403554528951645e-02 2.189347381591796875e+02
8.670558929443359375e-01 1.201582374051213264e-03 1.654048077762126923e-02 -1.472234725952148438e-02 2.196846313476562500e+02
8.795207738876342773e-01 1.254962757229804993e-03 1.580436341464519501e-02 -1.492123119533061981e-02 2.204345245361328125e+02
8.914362788200378418e-01 1.307584694586694241e-03 1.505830138921737671e-02 -1.511102821677923203e-02 2.211844329833984375e+02
9.027949571609497070e-01 1.360444352030754089e-03 1.430275011807680130e-02 -1.529089361429214478e-02 2.219343414306640625e+02
9.135896563529968262e-01 1.413299469277262688e-03 1.353820506483316422e-02 -1.546047721058130264e-02 2.226842651367187500e+02
9.238136410713195801e-01 1.465157722122967243e-03 1.276518125087022781e-02 -1.562002394348382950e-02 2.234341888427734375e+02
9.334605336189270020e-01 1.515271840617060661e-03 1.198417972773313522e-02 -1.576996035873889923e-02 2.241841278076171875e+02
9.425241947174072266e-01 1.565147540532052517e-03 1.119568198919296265e-02 -1.590939983725547791e-02 2.249340667724609375e+02
9.509990215301513672e-01 1.612934051081538200e-03 1.040021236985921860e-02 -1.603926531970500946e-02 2.256840209960937500e+02
9.588797092437744141e-01 1.659044180996716022e-03 9.598249569535255432e-03 -1.615956053137779236e-02 2.264339752197265625e+02
9.661612510681152344e-01 1.704084454104304314e-03 8.790271356701850891e-03 -1.627001538872718811e-02 2.271839447021484375e+02
9.728390574455261230e-01 1.748471986502408981e-03 7.976770401000976562e-03 -1.637026295065879822e-02 2.279339141845703125e+02
9.789090156555175781e-01 1.791443210095167160e-03 7.158257067203521729e-03 -1.646061614155769348e-02 2.286838836669921875e+02
9.843672513961791992e-01 1.833601621910929680e-03 6.335226353257894516e-03 -1.654069684445858002e-02 2.294338684082031250e+02
9.892103075981140137e-01 1.875668298453092575e-03 5.508191417902708054e-03 -1.660981774330139160e-02 2.301838531494140625e+02
9.934352040290832520e-01 1.917177694849669933e-03 4.677700344473123550e-03 -1.666784659028053284e-02 2.309338378906250000e+02
9.970393180847167969e-01 1.956508494913578033e-03 3.844307968392968178e-03 -1.671562902629375458e-02 2.316838226318359375e+02
1.000020384788513184e+00 1.994289690628647804e-03 3.008526517078280449e-03 -1.675301790237426758e-02 2.324338226318359375e+02
1.002376437187194824e+00 2.030407078564167023e-03 2.170875668525695801e-03 -1.678016595542430878e-02 2.331838226318359375e+02
1.004106163978576660e+00 2.065242966637015343e-03 1.331867417320609093e-03 -1.679691858589649200e-02 2.339338226318359375e+02
1.005208373069763184e+00 2.098635071888566017e-03 4.920214996673166752e-04 -1.680336706340312958e-02 2.346838226318359375e+02
1.005682349205017090e+00 2.130729146301746368e-03 -3.481468884274363518e-04 -1.679945364594459534e-02 2.354338226318359375e+02
1.005527734756469727e+00 2.162002259865403175e-03 -1.188119640573859215e-03 -1.678482256829738617e-02 2.361838226318359375e+02
1.004744768142700195e+00 2.191978972405195236e-03 -2.027360722422599792e-03 -1.675961352884769440e-02 2.369338226318359375e+02
1.003333806991577148e+00 2.221101894974708557e-03 -2.865341491997241974e-03 -1.672349125146865845e-02 2.376838226318359375e+02
1.001295804977416992e+00 2.248947741463780403e-03 -3.701515961438417435e-03 -1.667656004428863525e-02 2.384338226318359375e+02
9.986321330070495605e-01 2.274565165862441063e-03 -4.535343963652849197e-03 -1.661945134401321411e-02 2.391838226318359375e+02
9.953443408012390137e-01 2.298590261489152908e-03 -5.366316530853509903e-03 -1.655203104019165039e-02 2.399338226318359375e+02
9.914345741271972656e-01 2.320813946425914764e-03 -6.193918175995349884e-03 -1.647453941404819489e-02 2.406838073730468750e+02
9.869052171707153320e-01 2.341853687539696693e-03 -7.017645053565502167e-03 -1.638671010732650757e-02 2.414337921142578125e+02
9.817591309547424316e-01 2.361646853387355804e-03 -7.836980745196342468e-03 -1.628853566944599152e-02 2.421837768554687500e+02
9.759995341300964355e-01 2.380183199420571327e-03 -8.651407435536384583e-03 -1.617999374866485596e-02 2.429337615966796875e+02
9.696300625801086426e-01 2.396937226876616478e-03 -9.460407309234142303e-03 -1.606142520904541016e-02 2.436837310791015625e+02
9.626547098159790039e-01 2.412633271887898445e-03 -1.026347838342189789e-02 -1.593248918652534485e-02 2.444337005615234375e+02
9.550778865814208984e-01 2.425715094432234764e-03 -1.106010284274816513e-02 -1.579418964684009552e-02 2.451836547851562500e+02
9.469042420387268066e-01 2.438689582049846649e-03 -1.184981223195791245e-02 -1.564524136483669281e-02 2.459336090087890625e+02
9.381390213966369629e-01 2.449465449899435043e-03 -1.263207383453845978e-02 -1.548668369650840759e-02 2.466835632324218750e+02
9.287877082824707031e-01 2.458199858665466309e-03 -1.340640801936388016e-02 -1.531874015927314758e-02 2.474335021972656250e+02
9.188560843467712402e-01 2.466633217409253120e-03 -1.417234539985656738e-02 -1.514046825468540192e-02 2.481834411621093750e+02
9.083505272865295410e-01 2.472522901371121407e-03 -1.492936909198760986e-02 -1.495309453457593918e-02 2.489333648681640625e+02
8.972775340080261230e-01 2.476143883541226387e-03 -1.567702367901802063e-02 -1.475690491497516632e-02 2.496832885742187500e+02
8.856440186500549316e-01 2.477422356605529785e-03 -1.641486957669258118e-02 -1.455234549939632416e-02 2.504331970214843750e+02
8.734572529792785645e-01 2.478339476510882378e-03 -1.714248768985271454e-02 -1.433845609426498413e-02 2.511831054687500000e+02
8.607249259948730469e-01 2.479062182828783989e-03 -1.785941049456596375e-02 -1.411482784897089005e-02 2.519329986572265625e+02
8.474550247192382812e-01 2.477587666362524033e-03 -1.856515184044837952e-02 -1.388251129537820816e-02 2.526828765869140625e+02
8.336558341979980469e-01 2.476427704095840454e-03 -1.925927773118019104e-02 -1.364010851830244064e-02 2.534327545166015625e+02
8.193360567092895508e-01 2.471986459568142891e-03 -1.994128338992595673e-02 -1.338960323482751846e-02 2.541826171875000000e+02
8.045046329498291016e-01 2.464792924001812935e-03 -2.061076276004314423e-02 -1.313140150159597397e-02 2.549324645996093750e+02
7.891708612442016602e-01 2.456517657265067101e-03 -2.126733213663101196e-02 -1.286493707448244095e-02 2.556823120117187500e+02
7.733443379402160645e-01 2.446419093757867813e-03 -2.191057987511157990e-02 -1.259074266999959946e-02 2.564321594238281250e+02
7.570350170135498047e-01 2.433545887470245361e-03 -2.254011668264865875e-02 -1.230978313833475113e-02 2.571819763183593750e+02
7.402530312538146973e-01 2.420857548713684082e-03 -2.315560542047023773e-02 -1.202063169330358505e-02 2.579317932128906250e+02
7.230088710784912109e-01 2.406435552984476089e-03 -2.375663630664348602e-02 -1.172421686351299286e-02 2.586816101074218750e+02
7.053133845329284668e-01 2.390696201473474503e-03 -2.434284798800945282e-02 -1.142052654176950455e-02 2.594313964843750000e+02
6.871775388717651367e-01 2.374814590439200401e-03 -2.491387352347373962e-02 -1.110886782407760620e-02 2.601811828613281250e+02
6.686127781867980957e-01 2.357662655413150787e-03 -2.546931616961956024e-02 -1.078973710536956787e-02 2.609309387207031250e+02
6.496307253837585449e-01 2.340043429285287857e-03 -2.600880339741706848e-02 -1.046267990022897720e-02 2.616806945800781250e+02
6.302433013916015625e-01 2.319935709238052368e-03 -2.653193660080432892e-02 -1.012893673032522202e-02 2.624304504394531250e+02
6.104626655578613281e-01 2.295310841873288155e-03 -2.703838422894477844e-02 -9.790511801838874817e-03 2.631801757812500000e+02
5.903010964393615723e-01 2.270972821861505508e-03 -2.752790972590446472e-02 -9.445374831557273865e-03 2.639299011230468750e+02
5.697712898254394531e-01 2.243624068796634674e-03 -2.800017781555652618e-02 -9.095462039113044739e-03 2.646796264648437500e+02
5.488860607147216797e-01 2.212937455624341965e-03 -2.845495007932186127e-02 -8.741842582821846008e-03 2.654293212890625000e+02
5.276583433151245117e-01 2.182296942919492722e-03 -2.889204211533069611e-02 -8.383120410144329071e-03 2.661790161132812500e+02
5.061013698577880859e-01 2.154247835278511047e-03 -2.931119874119758606e-02 -8.017261512577533722e-03 2.669287109375000000e+02
4.842287898063659668e-01 2.122859936207532883e-03 -2.971206232905387878e-02 -7.647244725376367569e-03 2.676784057617187500e+02
4.620541334152221680e-01 2.089140471071004868e-03 -3.009442426264286041e-02 -7.273335941135883331e-03 2.684280700683593750e+02
4.395911395549774170e-01 2.055278979241847992e-03 -3.045809082686901093e-02 -6.894630379974842072e-03 2.691777343750000000e+02
4.168538153171539307e-01 2.023962792009115219e-03 -3.080282174050807953e-02 -6.509069353342056274e-03 2.699273986816406250e+02
3.938564956188201904e-01 1.989357871934771538e-03 -3.112827613949775696e-02 -6.119593512266874313e-03 2.706770324707031250e+02
3.706134855747222900e-01 1.956133171916007996e-03 -3.143425658345222473e-02 -5.723874084651470184e-03 2.714266662597656250e+02
3.471394479274749756e-01 1.918632187880575657e-03 -3.172045201063156128e-02 -5.325157660990953445e-03 2.721763000488281250e+02
3.234489858150482178e-01 1.875840942375361919e-03 -3.198670968413352966e-02 -4.925515502691268921e-03 2.729259338378906250e+02
2.995567917823791504e-01 1.831994275562465191e-03 -3.223298490047454834e-02 -4.523753188550472260e-03 2.736755676269531250e+02
2.754777967929840088e-01 1.784355263225734234e-03 -3.245917335152626038e-02 -4.122080747038125992e-03 2.744251708984375000e+02
2.512268722057342529e-01 1.741669955663383007e-03 -3.266527876257896423e-02 -3.715641330927610397e-03 2.751747741699218750e+02
2.268193066120147705e-01 1.698375795967876911e-03 -3.285105898976325989e-02 -3.306439844891428947e-03 2.759243774414062500e+02
2.022703140974044800e-01 1.653975225053727627e-03 -3.301637992262840271e-02 -2.894919598475098610e-03 2.766739807128906250e+02
1.775951832532882690e-01 1.610660925507545471e-03 -3.316112607717514038e-02 -2.479814924299716949e-03 2.774235839843750000e+02
1.528093814849853516e-01 1.562889432534575462e-03 -3.328511863946914673e-02 -2.064510714262723923e-03 2.781731872558593750e+02
1.279282569885253906e-01 1.515522133558988571e-03 -3.338834270834922791e-02 -1.647111261263489723e-03 2.789227600097656250e+02
1.029673814773559570e-01 1.467033522203564644e-03 -3.347069770097732544e-02 -1.228464185260236263e-03 2.796723327636718750e+02
7.794235646724700928e-02 1.419203472323715687e-03 -3.353212028741836548e-02 -8.076473604887723923e-04 2.804219055175781250e+02
5.286889895796775818e-02 1.367830904200673103e-03 -3.357250243425369263e-02 -3.873061796184629202e-04 2.811714782714843750e+02
2.776260301470756531e-02 1.315991277806460857e-03 -3.359186649322509766e-02 3.348093014210462570e-05 2.819210510253906250e+02
2.639202401041984558e-03 1.262345118448138237e-03 -3.359019383788108826e-02 4.536242922767996788e-04 2.826706237792968750e+02
-2.248562127351760864e-02 1.204681931994855404e-03 -3.356751427054405212e-02 8.709060493856668472e-04 2.834201965332031250e+02
-4.759632796049118042e-02 1.147022587247192860e-03 -3.352396935224533081e-02 1.286646816879510880e-03 2.841697692871093750e+02
-7.267727702856063843e-02 1.087644835934042931e-03 -3.345963731408119202e-02 1.699562883004546165e-03 2.849193420410156250e+02
-9.771297127008438110e-02 1.031752908602356911e-03 -3.337465971708297729e-02 2.112610731273889542e-03 2.856689147949218750e+02
-1.226877570152282715e-01 9.764190181158483028e-04 -3.326902911067008972e-02 2.524937270209193230e-03 2.864184875488281250e+02
-1.475861370563507080e-01 9.253369062207639217e-04 -3.314278274774551392e-02 2.939315512776374817e-03 2.871680603027343750e+02
-1.723924279212951660e-01 8.717342861928045750e-04 -3.299581632018089294e-02 3.352526808157563210e-03 2.879176635742187500e+02
-1.970912367105484009e-01 8.159567951224744320e-04 -3.282818943262100220e-02 3.763891058042645454e-03 2.886672668457031250e+02
-2.216671854257583618e-01 7.554072071798145771e-04 -3.263999521732330322e-02 4.170738626271486282e-03 2.894168701171875000e+02
-2.461050897836685181e-01 6.954842247068881989e-04 -3.243145719170570374e-02 4.575030878186225891e-03 2.901664733886718750e+02
-2.703896760940551758e-01 6.348458118736743927e-04 -3.220270574092864990e-02 4.975926596671342850e-03 2.909160766601562500e+02
-2.945058047771453857e-01 5.782042862847447395e-04 -3.195390850305557251e-02 5.376358982175588608e-03 2.916656799316406250e+02
-3.184382617473602295e-01 5.209808587096631527e-04 -3.168509155511856079e-02 5.774462129920721054e-03 2.924152832031250000e+02
-3.421720564365386963e-01 4.647889581974595785e-04 -3.139636665582656860e-02 6.171074695885181427e-03 2.931649169921875000e+02
-3.656922280788421631e-01 4.028068215120583773e-04 -3.108781203627586365e-02 6.561671383678913116e-03 2.939145507812500000e+02
-3.889842033386230469e-01 3.365953743923455477e-04 -3.075972758233547211e-02 6.945083383470773697e-03 2.946641845703125000e+02
-4.120335280895233154e-01 2.718073665164411068e-04 -3.041247278451919556e-02 7.323523517698049545e-03 2.954138183593750000e+02
-4.348257780075073242e-01 2.079145342577248812e-04 -3.004629723727703094e-02 7.696896325796842575e-03 2.961634826660156250e+02
-4.573467075824737549e-01 1.429827243555337191e-04 -2.966145239770412445e-02 8.063924498856067657e-03 2.969131469726562500e+02
-4.795823991298675537e-01 8.239720773417502642e-05 -2.925825677812099457e-02 8.427777327597141266e-03 2.976628112792968750e+02
-5.015188455581665039e-01 2.349515125388279557e-05 -2.883686870336532593e-02 8.787943050265312195e-03 2.984124755859375000e+02
-5.231423377990722656e-01 -3.465290501480922103e-05 -2.839747071266174316e-02 9.144191630184650421e-03 2.991621704101562500e+02
-5.444393157958984375e-01 -9.328674059361219406e-05 -2.794026024639606476e-02 9.495737962424755096e-03 2.999118652343750000e+02
-5.653964281082153320e-01 -1.554417249280959368e-04 -2.746547386050224304e-02 9.840064682066440582e-03 3.006615600585937500e+02
-5.860007405281066895e-01 -2.190294617321342230e-04 -2.697347104549407959e-02 1.017711218446493149e-02 3.014112854003906250e+02
-6.062393188476562500e-01 -2.846251300070434809e-04 -2.646461501717567444e-02 1.050565764307975769e-02 3.021610107421875000e+02
-6.260997056961059570e-01 -3.468635550234466791e-04 -2.593933232128620148e-02 1.082842331379652023e-02 3.029107360839843750e+02
-6.455693840980529785e-01 -4.068921261932700872e-04 -2.539791166782379150e-02 1.114550977945327759e-02 3.036604919433593750e+02
-6.646361351013183594e-01 -4.674035008065402508e-04 -2.484063617885112762e-02 1.145553495734930038e-02 3.044102478027343750e+02
-6.832880377769470215e-01 -5.272845737636089325e-04 -2.426785975694656372e-02 1.175880804657936096e-02 3.051600036621093750e+02
-7.015135288238525391e-01 -5.855548079125583172e-04 -2.367991954088211060e-02 1.205594465136528015e-02 3.059097900390625000e+02
-7.193011045455932617e-01 -6.445939652621746063e-04 -2.307712286710739136e-02 1.234555523842573166e-02 3.066595764160156250e+02
-7.366396188735961914e-01 -7.037299801595509052e-04 -2.245984598994255066e-02 1.262751687318086624e-02 3.074093627929687500e+02
-7.535182833671569824e-01 -7.616172661073505878e-04 -2.182847075164318085e-02 1.290240883827209473e-02 3.081591796875000000e+02
-7.699264287948608398e-01 -8.207338978536427021e-04 -2.118335105478763580e-02 1.316860504448413849e-02 3.089089965820312500e+02
-7.858538031578063965e-01 -8.798885392025113106e-04 -2.052492089569568634e-02 1.342613901942968369e-02 3.096588134765625000e+02
-8.012903928756713867e-01 -9.387630270794034004e-04 -1.985361427068710327e-02 1.367483753710985184e-02 3.104086608886718750e+02
-8.162265419960021973e-01 -9.978014277294278145e-04 -1.916987262666225433e-02 1.391409616917371750e-02 3.111585083007812500e+02
-8.306529521942138672e-01 -1.055687200278043747e-03 -1.847416721284389496e-02 1.414437126368284225e-02 3.119083557128906250e+02
-8.445605635643005371e-01 -1.111068064346909523e-03 -1.776694878935813904e-02 1.436662022024393082e-02 3.126582336425781250e+02
-8.579406142234802246e-01 -1.166176283732056618e-03 -1.704861782491207123e-02 1.457978039979934692e-02 3.134081115722656250e+02
-8.707847595214843750e-01 -1.220739912241697311e-03 -1.631962880492210388e-02 1.478373631834983826e-02 3.141579895019531250e+02
-8.830849528312683105e-01 -1.273948932066559792e-03 -1.558044180274009705e-02 1.497884187847375870e-02 3.149078979492187500e+02
-8.948335051536560059e-01 -1.327277976088225842e-03 -1.483150012791156769e-02 1.516413036733865738e-02 3.156578063964843750e+02
-9.060230851173400879e-01 -1.380557077936828136e-03 -1.407329365611076355e-02 1.533924415707588196e-02 3.164077148437500000e+02
-9.166467189788818359e-01 -1.431584591045975685e-03 -1.330633182078599930e-02 1.550530921667814255e-02 3.171576538085937500e+02
-9.266977310180664062e-01 -1.481277751736342907e-03 -1.253106631338596344e-02 1.566204987466335297e-02 3.179075927734375000e+02
-9.361698627471923828e-01 -1.529339933767914772e-03 -1.174796372652053833e-02 1.580972969532012939e-02 3.186575317382812500e+02
-9.450570940971374512e-01 -1.576799433678388596e-03 -1.095747761428356171e-02 1.594777964055538177e-02 3.194074707031250000e+02
-9.533538818359375000e-01 -1.622655545361340046e-03 -1.016008853912353516e-02 1.607668772339820862e-02 3.201574096679687500e+02
-9.610549211502075195e-01 -1.667519216425716877e-03 -9.356253780424594879e-03 1.619617082178592682e-02 3.209073791503906250e+02
-9.681553840637207031e-01 -1.713141333311796188e-03 -8.546445518732070923e-03 1.630491577088832855e-02 3.216573486328125000e+02
-9.746508002281188965e-01 -1.759500359185039997e-03 -7.731199730187654495e-03 1.640219427645206451e-02 3.224073181152343750e+02
-9.805371165275573730e-01 -1.804972765967249870e-03 -6.911090109497308731e-03 1.648838631808757782e-02 3.231572875976562500e+02
-9.858106374740600586e-01 -1.849469845183193684e-03 -6.086670793592929840e-03 1.656336896121501923e-02 3.239072570800781250e+02
-9.904680848121643066e-01 -1.891482970677316189e-03 -5.258502438664436340e-03 1.662804186344146729e-02 3.246572570800781250e+02
-9.945065379142761230e-01 -1.931669190526008606e-03 -4.427100531756877899e-03 1.668234355747699738e-02 3.254072570800781250e+02
-9.979234337806701660e-01 -1.969539793208241463e-03 -3.592983353883028030e-03 1.672678627073764801e-02 3.261572570800781250e+02
-1.000716686248779297e+00 -2.005549846217036247e-03 -2.756644040346145630e-03 1.676140911877155304e-02 3.269072570800781250e+02
-1.002884387969970703e+00 -2.039883518591523170e-03 -1.918573630973696709e-03 1.678629033267498016e-02 3.276572570800781250e+02
-1.004425287246704102e+00 -2.073823940008878708e-03 -1.079259091056883335e-03 1.680066622793674469e-02 3.284072570800781250e+02
-1.005338430404663086e+00 -2.107858192175626755e-03 -2.392257447354495525e-04 1.680385693907737732e-02 3.291572570800781250e+02
-1.005623221397399902e+00 -2.140196738764643669e-03 6.009670905768871307e-04 1.679659448564052582e-02 3.299072570800781250e+02
-1.005279541015625000e+00 -2.171961590647697449e-03 1.440796768292784691e-03 1.677820645272731781e-02 3.306572570800781250e+02
-1.004307508468627930e+00 -2.202148316428065300e-03 2.279707230627536774e-03 1.674910075962543488e-02 3.314072570800781250e+02
-1.002707839012145996e+00 -2.230259357020258904e-03 3.117162268608808517e-03 1.670969650149345398e-02 3.321572570800781250e+02
-1.000481486320495605e+00 -2.257170854136347771e-03 3.952647093683481216e-03 1.665963418781757355e-02 3.329072570800781250e+02
-9.976298809051513672e-01 -2.281584078446030617e-03 4.785628989338874817e-03 1.659976691007614136e-02 3.336572570800781250e+02
-9.941547513008117676e-01 -2.304472262039780617e-03 5.615617148578166962e-03 1.652983576059341431e-02 3.344072570800781250e+02
-9.900583028793334961e-01 -2.326501300558447838e-03 6.442109122872352600e-03 1.644944772124290466e-02 3.351572570800781250e+02
-9.853430986404418945e-01 -2.345884684473276138e-03 7.264581508934497833e-03 1.635969430208206177e-02 3.359072570800781250e+02
-9.800119996070861816e-01 -2.365504391491413116e-03 8.082565851509571075e-03 1.625903509557247162e-02 3.366572265625000000e+02
-9.740684032440185547e-01 -2.384080085903406143e-03 8.895517326891422272e-03 1.614780724048614502e-02 3.374071960449218750e+02
-9.675160646438598633e-01 -2.402699086815118790e-03 9.702907875180244446e-03 1.602512970566749573e-02 3.381571655273437500e+02
-9.603591561317443848e-01 -2.420006785541772842e-03 1.050416473299264908e-02 1.589143462479114532e-02 3.389071350097656250e+02
-9.526021480560302734e-01 -2.433335175737738609e-03 1.129873655736446381e-02 1.574856787919998169e-02 3.396571044921875000e+02
-9.442499279975891113e-01 -2.444368787109851837e-03 1.208616513758897781e-02 1.559630874544382095e-02 3.404070434570312500e+02
-9.353077411651611328e-01 -2.453590277582406998e-03 1.286598015576601028e-02 1.543469168245792389e-02 3.411569824218750000e+02
-9.257811903953552246e-01 -2.462057163938879967e-03 1.363771501928567886e-02 1.526317838579416275e-02 3.419069213867187500e+02
-9.156762957572937012e-01 -2.466172212734818459e-03 1.440087426453828812e-02 1.508413441479206085e-02 3.426568603515625000e+02
-9.049993157386779785e-01 -2.469855127856135368e-03 1.515508070588111877e-02 1.489596348255872726e-02 3.434067993164062500e+02
-8.937569260597229004e-01 -2.473238389939069748e-03 1.589987799525260925e-02 1.469831354916095734e-02 3.441567077636718750e+02
-8.819561600685119629e-01 -2.476992784067988396e-03 1.663479395210742950e-02 1.449039299041032791e-02 3.449066162109375000e+02
-8.696044683456420898e-01 -2.478556009009480476e-03 1.735931448638439178e-02 1.427342649549245834e-02 3.456565246582031250e+02
-8.567095398902893066e-01 -2.478728769347071648e-03 1.807298511266708374e-02 1.404720637947320938e-02 3.464064025878906250e+02
-8.432794809341430664e-01 -2.478651935234665871e-03 1.877534575760364532e-02 1.381099876016378403e-02 3.471562805175781250e+02
-8.293226957321166992e-01 -2.476576250046491623e-03 1.946589536964893341e-02 1.356568094342947006e-02 3.479061584472656250e+02
-8.148480057716369629e-01 -2.472026972100138664e-03 2.014417946338653564e-02 1.331187970936298370e-02 3.486560058593750000e+02
-7.998644709587097168e-01 -2.465072553604841232e-03 2.080977335572242737e-02 1.305002719163894653e-02 3.494058532714843750e+02
-7.843815088272094727e-01 -2.455815905705094337e-03 2.146227471530437469e-02 1.278052944689989090e-02 3.501557006835937500e+02
-7.684087753295898438e-01 -2.442964352667331696e-03 2.210130169987678528e-02 1.250475924462080002e-02 3.509055175781250000e+02
-7.519562840461730957e-01 -2.429458778351545334e-03 2.272653952240943909e-02 1.222161017358303070e-02 3.516553344726562500e+02
-7.350342869758605957e-01 -2.415212569758296013e-03 2.333761937916278839e-02 1.193104404956102371e-02 3.524051513671875000e+02
-7.176533937454223633e-01 -2.399231772869825363e-03 2.393417246639728546e-02 1.163369603455066681e-02 3.531549377441406250e+02
-6.998243927955627441e-01 -2.384386491030454636e-03 2.451585792005062103e-02 1.132783945649862289e-02 3.539047241210937500e+02
-6.815585494041442871e-01 -2.368681365624070168e-03 2.508224919438362122e-02 1.101411692798137665e-02 3.546545104980468750e+02
-6.628672480583190918e-01 -2.350565278902649879e-03 2.563295513391494751e-02 1.069357618689537048e-02 3.554042663574218750e+02
-6.437621116638183594e-01 -2.331696683540940285e-03 2.616763487458229065e-02 1.036558207124471664e-02 3.561540222167968750e+02
-6.242551803588867188e-01 -2.310266485437750816e-03 2.668591402471065521e-02 1.003134809434413910e-02 3.569037780761718750e+02
-6.043586134910583496e-01 -2.285944763571023941e-03 2.718748152256011963e-02 9.691721759736537933e-03 3.576535034179687500e+02
-5.840847492218017578e-01 -2.261195331811904907e-03 2.767206728458404541e-02 9.345730766654014587e-03 3.584032287597656250e+02
-5.634463429450988770e-01 -2.237559761852025986e-03 2.813935466110706329e-02 8.992156013846397400e-03 3.591529541015625000e+02
-5.424564480781555176e-01 -2.209416590631008148e-03 2.858896180987358093e-02 8.634251542389392853e-03 3.599026489257812500e+02
-5.211280584335327148e-01 -2.179848263040184975e-03 2.902067452669143677e-02 8.271214552223682404e-03 3.606523437500000000e+02
-4.994745552539825439e-01 -2.147887134924530983e-03 2.943423576653003693e-02 7.903999648988246918e-03 3.614020385742187500e+02
-4.775094091892242432e-01 -2.116214716807007790e-03 2.982943505048751831e-02 7.531361188739538193e-03 3.621517028808593750e+02
-4.552464187145233154e-01 -2.082779770717024803e-03 3.020600229501724243e-02 7.154414430260658264e-03 3.629013671875000000e+02
-4.326994419097900391e-01 -2.047579968348145485e-03 3.056372329592704773e-02 6.773584056645631790e-03 3.636510314941406250e+02
-4.098825454711914062e-01 -2.012862125411629677e-03 3.090240247547626495e-02 6.387727335095405579e-03 3.644006958007812500e+02
-3.868100345134735107e-01 -1.974339596927165985e-03 3.122178837656974792e-02 5.999488290399312973e-03 3.651503295898437500e+02
-3.634961545467376709e-01 -1.935294480063021183e-03 3.152176365256309509e-02 5.607766099274158478e-03 3.658999633789062500e+02
-3.399554491043090820e-01 -1.898630172945559025e-03 3.180215135216712952e-02 5.210540723055601120e-03 3.666495971679687500e+02
-3.162027299404144287e-01 -1.859539188444614410e-03 3.206267952919006348e-02 4.810142796486616135e-03 3.673992309570312500e+02
-2.922527790069580078e-01 -1.816400326788425446e-03 3.230318799614906311e-02 4.408423788845539093e-03 3.681488342285156250e+02
-2.681203782558441162e-01 -1.777286292053759098e-03 3.252360969781875610e-02 4.001028370112180710e-03 3.688984375000000000e+02
-2.438207864761352539e-01 -1.735563389956951141e-03 3.272366151213645935e-02 3.590999869629740715e-03 3.696480407714843750e+02
-2.193691581487655640e-01 -1.693426980637013912e-03 3.290321305394172668e-02 3.177578793838620186e-03 3.703976440429687500e+02
-1.947808265686035156e-01 -1.645374228246510029e-03 3.306209295988082886e-02 2.764650620520114899e-03 3.711472473144531250e+02
-1.700710058212280273e-01 -1.596804126165807247e-03 3.320032730698585510e-02 2.350477268919348717e-03 3.718968505859375000e+02
-1.452551335096359253e-01 -1.544252038002014160e-03 3.331785276532173157e-02 1.937633380293846130e-03 3.726464538574218750e+02
-1.203485354781150818e-01 -1.493299030698835850e-03 3.341473266482353210e-02 1.523618120700120926e-03 3.733960266113281250e+02
-9.536677598953247070e-02 -1.444071298465132713e-03 3.349091485142707825e-02 1.107738120481371880e-03 3.741455993652343750e+02
-7.032544910907745361e-02 -1.399152562953531742e-03 3.354630246758460999e-02 6.874882965348660946e-04 3.748951721191406250e+02
