1.770772905729245394e-05
1.691620923338632565e-06
-6.080683670006692410e-05
-1.755670527927577496e-04
-3.328589373268187046e-04
-5.115082603879272938e-04
-6.862845038995146751e-04
-8.355949539691209793e-04
-9.479472646489739418e-04
-1.023447606712579727e-03
-1.071307342499494553e-03
-1.104729599319398403e-03
-1.135854516178369522e-03
-1.172003336250782013e-03
-1.214873278513550758e-03
-1.261705998331308365e-03
-1.308326376602053642e-03
-1.352135208435356617e-03
-1.393466489389538765e-03
-1.435607671737670898e-03
-1.483391621150076389e-03
-1.540671451948583126e-03
-1.608910155482590199e-03
-1.686321687884628773e-03
-1.768254558555781841e-03
-1.848952844738960266e-03
-1.923409057781100273e-03
-1.988685922697186470e-03
-2.043989719823002815e-03
-2.091168425977230072e-03
-2.132716821506619453e-03
-2.171314088627696037e-03
-2.209017751738429070e-03
-2.246785443276166916e-03
-2.284325659275054932e-03
-2.321162726730108261e-03
-2.356425859034061432e-03
-2.390321809798479080e-03
-2.423523925244808197e-03
-2.456696936860680580e-03
-2.490790560841560364e-03
-2.526119584217667580e-03
-2.562191570177674294e-03
-2.598138526082038879e-03
-2.632583491504192352e-03
-2.664387226104736328e-03
-2.692714333534240723e-03
-2.717208350077271461e-03
-2.738179406151175499e-03
-2.756276400759816170e-03
-2.772031119093298912e-03
-2.785965567454695702e-03
-2.798415953293442726e-03
-2.809347817674279213e-03
-2.818735083565115929e-03
-2.826269250363111496e-03
-2.832330996170639992e-03
-2.836757106706500053e-03
-2.839768072590231895e-03
-2.841768087819218636e-03
-2.842690097168087959e-03
-2.842571120709180832e-03
-2.840840956196188927e-03
-2.837370382621884346e-03
-2.831749618053436279e-03
-2.823973074555397034e-03
-2.813878236338496208e-03
-2.801604103296995163e-03
-2.787372563034296036e-03
-2.771208994090557098e-03
-2.753231208771467209e-03
-2.733581233769655228e-03
-2.712178742513060570e-03
-2.688992302864789963e-03
-2.664346946403384209e-03
-2.638031030073761940e-03
-2.610174007713794708e-03
-2.580875996500253677e-03
-2.550000557675957680e-03
-2.517730463296175003e-03
-2.484063385054469109e-03
-2.449034014716744423e-03
-2.412391593679785728e-03
-2.374034607782959938e-03
-2.334140939638018608e-03
-2.292635617777705193e-03
-2.249816665425896645e-03
-2.205350669100880623e-03
-2.159629715606570244e-03
-2.112478483468294144e-03
-2.063839463517069817e-03
-2.013854216784238815e-03
-1.962763722985982895e-03
-1.910653314553201199e-03
-1.857188646681606770e-03
-1.802687067538499832e-03
-1.746969530358910561e-03
-1.690378529019653797e-03
-1.632637460716068745e-03
-1.574110006913542747e-03
-1.514457981102168560e-03
-1.453944132663309574e-03
-1.392458216287195683e-03
-1.329998834989964962e-03
-1.266737817786633968e-03
-1.202663406729698181e-03
-1.138020539656281471e-03
-1.072680694051086903e-03
-1.006412785500288010e-03
-9.395600063726305962e-04
-8.717600721865892410e-04
-8.037487277761101723e-04
-7.351298700086772442e-04
-6.664810935035347939e-04
-5.976724205538630486e-04
-5.284236394800245762e-04
-4.584685957524925470e-04
-3.881943994201719761e-04
-3.176658938173204660e-04
-2.469700993970036507e-04
-1.760303130140528083e-04
-1.050675855367444456e-04
-3.396838656044565141e-05
3.723752161022275686e-05
1.082603266695514321e-04
1.790601672837510705e-04
2.495474473107606173e-04
3.200917562935501337e-04
3.904986660927534103e-04
4.607790615409612656e-04
5.310124834068119526e-04
6.007018382661044598e-04
6.700031226500868797e-04
7.390281534753739834e-04
8.073046337813138962e-04
8.751109708100557327e-04
9.422440780326724052e-04
1.008731196634471416e-03
1.074849162250757217e-03
1.140342210419476032e-03
1.205170527100563049e-03
1.269355067051947117e-03
1.332606654614210129e-03
1.394841354340314865e-03
1.456262543797492981e-03
1.516782562248408794e-03
1.576738315634429455e-03
1.635489403270184994e-03
1.693226513452827930e-03
1.749935676343739033e-03
1.805606065317988396e-03
1.860145828686654568e-03
1.913294312544167042e-03
1.965316943824291229e-03
2.016215119510889053e-03
2.065842505544424057e-03
2.113894559442996979e-03
2.160998759791254997e-03
2.206641715019941330e-03
2.251131692901253700e-03
2.294043544679880142e-03
2.335577039048075676e-03
2.375675830990076065e-03
2.414178103208541870e-03
2.451077336445450783e-03
2.486486919224262238e-03
2.520510461181402206e-03
2.552743302658200264e-03
2.583378925919532776e-03
2.612700453028082848e-03
2.640360733494162560e-03
2.666285261511802673e-03
2.690576482564210892e-03
2.712863497436046600e-03
2.733621979132294655e-03
2.752569271251559258e-03
2.769978484138846397e-03
2.785486401990056038e-03
2.799442969262599945e-03
2.811725484207272530e-03
2.822158392518758774e-03
2.830775221809744835e-03
2.837599255144596100e-03
2.842720597982406616e-03
2.845890121534466743e-03
2.847157651558518410e-03
2.846841001883149147e-03
2.844813745468854904e-03
2.840941539034247398e-03
2.835426479578018188e-03
2.828119089826941490e-03
2.819112269207835197e-03
2.808095887303352356e-03
2.795181935653090477e-03
2.780384616926312447e-03
2.763904398307204247e-03
2.745855599641799927e-03
2.726153470575809479e-03
2.704850165173411369e-03
2.681979211047291756e-03
2.657361794263124466e-03
2.631064970046281815e-03
2.602938795462250710e-03
2.573149511590600014e-03
2.541723893955349922e-03
2.508785342797636986e-03
2.474332228302955627e-03
2.438261639326810837e-03
2.400835976004600525e-03
2.361828926950693130e-03
2.321461215615272522e-03
2.279384061694145203e-03
2.235793275758624077e-03
2.190831350162625313e-03
2.144949277862906456e-03
2.097803167998790741e-03
2.048962283879518509e-03
1.998967723920941353e-03
1.947627635672688484e-03
1.894843415357172489e-03
1.841141376644372940e-03
1.786414766684174538e-03
1.730121439322829247e-03
1.672850805334746838e-03
1.614946871995925903e-03
1.555976690724492073e-03
1.496147131547331810e-03
1.435560174286365509e-03
1.373888691887259483e-03
1.311254687607288361e-03
1.247660256922245026e-03
1.183359068818390369e-03
1.118319923989474773e-03
1.052396837621927261e-03
9.863659506663680077e-04
9.193198056891560555e-04
8.519952534697949886e-04
7.837545708753168583e-04
7.154481718316674232e-04
6.463086465373635292e-04
5.766742979176342487e-04
5.064512952230870724e-04
4.361222672741860151e-04
3.657875931821763515e-04
2.953731745947152376e-04
2.250120305689051747e-04
1.546236017020419240e-04
8.422815881203860044e-05
1.363016963296104223e-05
-5.714669896406121552e-05
-1.284986501559615135e-04
-2.000119275180622935e-04
-2.713509020395576954e-04
-3.424169844947755337e-04
-4.130011366214603186e-04
-4.826922377105802298e-04
-5.518967518582940102e-04
-6.207408150658011436e-04
-6.896170671097934246e-04
-7.585232378914952278e-04
-8.271046099252998829e-04
-8.951419149525463581e-04
-9.627484832890331745e-04
-1.029800157994031906e-03
-1.095714513212442398e-03
-1.160848070867359638e-03
-1.224505016580224037e-03
-1.287910970859229565e-03
-1.350610633380711079e-03
-1.412966987118124962e-03
-1.474365475587546825e-03
-1.535292365588247776e-03
-1.595147768966853619e-03
-1.653563929721713066e-03
-1.710844924673438072e-03
-1.766713103279471397e-03
-1.821791054680943489e-03
-1.875450718216598034e-03
-1.928245415911078453e-03
-1.980483997613191605e-03
-2.031365642324090004e-03
-2.080756705254316330e-03
-2.128808991983532906e-03
-2.175580943003296852e-03
-2.220756607130169868e-03
-2.264466835185885429e-03
-2.306729322299361229e-03
-2.347477711737155914e-03
-2.387041691690683365e-03
-2.424839651212096214e-03
-2.461364259943366051e-03
-2.496603876352310181e-03
-2.530399477109313011e-03
-2.562386216595768929e-03
-2.592895179986953735e-03
-2.621570369228720665e-03
-2.648440655320882797e-03
-2.673655748367309570e-03
-2.697320189327001572e-03
-2.719047479331493378e-03
-2.739319112151861191e-03
-2.757970709353685379e-03
-2.774906810373067856e-03
-2.790049416944384575e-03
-2.803571522235870361e-03
-2.815286396071314812e-03
-2.825022209435701370e-03
-2.832856494933366776e-03
-2.839105902239680290e-03
-2.843569731339812279e-03
-2.846326446160674095e-03
-2.847295254468917847e-03
-2.846536459401249886e-03
-2.844010945409536362e-03
-2.839607419446110725e-03
-2.833437873050570488e-03
-2.825360279530286789e-03
-2.815471030771732330e-03
-2.803971758112311363e-03
-2.790702739730477333e-03
-2.775770612061023712e-03
-2.759041031822562218e-03
-2.740558236837387085e-03
-2.720316173508763313e-03
-2.698437310755252838e-03
-2.674742368981242180e-03
-2.649641595780849457e-03
-2.622507512569427490e-03
-2.593932906165719032e-03
-2.563809510320425034e-03
-2.531767822802066803e-03
-2.498405519872903824e-03
-2.463602228090167046e-03
-2.427461091428995132e-03
-2.389568369835615158e-03
-2.349953399971127510e-03
-2.309056231752038002e-03
-2.266200026497244835e-03
-2.222328446805477142e-03
-2.177226357161998749e-03
-2.130623906850814819e-03
-2.082808408886194229e-03
-2.034020377323031425e-03
-1.983589259907603264e-03
-1.932095503434538841e-03
-1.879367511719465256e-03
-1.825166167691349983e-03
-1.769788330420851707e-03
-1.712987083010375500e-03
-1.655276748351752758e-03
-1.597133465111255646e-03
-1.537488773465156555e-03
-1.477383077144622803e-03
-1.416841289028525352e-03
-1.355185871943831444e-03
-1.291956286877393723e-03
-1.228557317517697811e-03
-1.164547167718410492e-03
-1.099562156014144421e-03
-1.033046981319785118e-03
-9.663964156061410904e-04
-8.982709841802716255e-04
-8.302200585603713989e-04
-7.623837445862591267e-04
-6.939742015674710274e-04
-6.259760702960193157e-04
-5.562994629144668579e-04
-4.865146183874458075e-04
-4.164165002293884754e-04
-3.454843827057629824e-04
-2.751250867731869221e-04
-2.040709514403715730e-04
-1.329572987742722034e-04
-6.131073314463719726e-05
9.781151675269939005e-06
8.111401257338002324e-05
1.521427329862490296e-04
2.222893963335081935e-04
2.924122090917080641e-04
3.618266491685062647e-04
4.317937127780169249e-04
5.014858907088637352e-04
5.720228655263781548e-04
6.417853292077779770e-04
7.111133891157805920e-04
7.791979587636888027e-04
8.472018525935709476e-04
9.144796640612185001e-04
9.822054998949170113e-04
1.049202284775674343e-03
1.116096973419189453e-03
1.181161729618906975e-03
1.244800398126244545e-03
1.307994243688881397e-03
1.370312878862023354e-03
1.431327895261347294e-03
1.492373761720955372e-03
1.552703673951327801e-03
1.612328924238681793e-03
1.671017264015972614e-03
1.728031435050070286e-03
1.783801591955125332e-03
1.837913296185433865e-03
1.891534542664885521e-03
1.944212242960929871e-03
1.995445461943745613e-03
2.045591128990054131e-03
2.094808500260114670e-03
2.142501063644886017e-03
2.188876736909151077e-03
2.234159270301461220e-03
2.277676714584231377e-03
2.319733146578073502e-03
2.360262908041477203e-03
2.399084856733679771e-03
2.436467446386814117e-03
2.472662832587957382e-03
2.507128054276108742e-03
2.540013287216424942e-03
2.571463584899902344e-03
2.601078012958168983e-03
2.628904767334461212e-03
2.655400661751627922e-03
2.680269302800297737e-03
2.703648991882801056e-03
2.725297119468450546e-03
2.745484001934528351e-03
2.764024306088685989e-03
2.780509414151310921e-03
2.794922795146703720e-03
2.807526616379618645e-03
2.818209817633032799e-03
2.827309304848313332e-03
2.834640908986330032e-03
2.840395085513591766e-03
2.844493836164474487e-03
2.846956253051757812e-03
2.847502939403057098e-03
2.846033545210957527e-03
2.842925256118178368e-03
2.837812062352895737e-03
2.830957993865013123e-03
2.822434762492775917e-03
2.812042133882641792e-03
2.800143091008067131e-03
2.786492696031928062e-03
2.771001774817705154e-03
2.754120621830224991e-03
2.735116519033908844e-03
2.714383183047175407e-03
2.691553439944982529e-03
2.666935557499527931e-03
2.641096012666821480e-03
2.613626886159181595e-03
2.584579633548855782e-03
2.553760539740324020e-03
2.522089984267950058e-03
2.488588215783238411e-03
2.453418448567390442e-03
2.416367176920175552e-03
2.378004835918545723e-03
2.338038058951497078e-03
2.296248450875282288e-03
2.253073966130614281e-03
2.208575606346130371e-03
2.162792021408677101e-03
2.115787006914615631e-03
2.067966386675834656e-03
2.018697559833526611e-03
1.968166325241327286e-03
1.916600740514695644e-03
1.863284735009074211e-03
1.808751840144395828e-03
1.753253163769841194e-03
1.696378341875970364e-03
1.638664514757692814e-03
1.580190379172563553e-03
1.520463498309254646e-03
1.459233812056481838e-03
1.397854881361126900e-03
1.335463137365877628e-03
1.272535067982971668e-03
1.208465197123587132e-03
1.143865520134568214e-03
1.078684581443667412e-03
1.012447639368474483e-03
9.462813031859695911e-04
8.793275919742882252e-04
8.110796334221959114e-04
7.427125819958746433e-04
6.744534475728869438e-04
6.044520996510982513e-04
5.345505196601152420e-04
4.639381659217178822e-04
3.941055620089173317e-04
3.237504861317574978e-04
2.540819987189024687e-04
1.837665477069094777e-04
1.130107411881908774e-04
4.106565393158234656e-05
