0.000000000000000000e+00 0.000000000000000000e+00 3.333333507180213928e-02 0.000000000000000000e+00 0.000000000000000000e+00
2.499537169933319092e-02 -1.651097409194335341e-04 3.333333507180213928e-02 -1.166684596682898700e-04 7.495833635330200195e-01
4.998249560594558716e-02 -2.416028291918337345e-04 3.332750126719474792e-02 -2.331642463104799390e-04 1.499166965484619141e+00
7.496142387390136719e-02 -5.346596008166670799e-04 3.331584483385086060e-02 -5.343790980987250805e-04 2.248750925064086914e+00
9.991696476936340332e-02 -9.388303151354193687e-04 3.328912705183029175e-02 -1.029108068905770779e-03 2.998335599899291992e+00
1.248322874307632446e-01 -1.306141726672649384e-03 3.323767334222793579e-02 -1.659903093241155148e-03 3.747921705245971680e+00
1.496906876564025879e-01 -1.545915496535599232e-03 3.315467759966850281e-02 -2.355922013521194458e-03 4.497509479522705078e+00
1.744748950004577637e-01 -1.629360835067927837e-03 3.303688019514083862e-02 -3.055459586903452873e-03 5.247099876403808594e+00
1.991666257381439209e-01 -1.570956083014607430e-03 3.288410604000091553e-02 -3.714667400345206261e-03 5.996693134307861328e+00
2.237467467784881592e-01 -1.407900126650929451e-03 3.269837424159049988e-02 -4.308836068958044052e-03 6.746290206909179688e+00
2.481957972049713135e-01 -1.184455351904034615e-03 3.248293325304985046e-02 -4.830060992389917374e-03 7.495891571044921875e+00
2.724945247173309326e-01 -9.411901701241731644e-04 3.224143013358116150e-02 -5.282834172248840332e-03 8.245497703552246094e+00
2.966243624687194824e-01 -7.094294414855539799e-04 3.197728842496871948e-02 -5.679390393197536469e-03 8.995109558105468750e+00
3.205677866935729980e-01 -5.102098220959305763e-04 3.169332072138786316e-02 -6.036101374775171280e-03 9.744727134704589844e+00
3.443083167076110840e-01 -3.529254463501274586e-04 3.139151632785797119e-02 -6.369133479893207550e-03 1.049435138702392578e+01
3.678304553031921387e-01 -2.384085382800549269e-04 3.107305988669395447e-02 -6.692577619105577469e-03 1.124398231506347656e+01
3.911195993423461914e-01 -1.613862987142056227e-04 3.073843009769916534e-02 -7.017123047262430191e-03 1.199362087249755859e+01
4.141617119312286377e-01 -1.124903719755820930e-04 3.038757480680942535e-02 -7.349208462983369827e-03 1.274326705932617188e+01
4.369432628154754639e-01 -8.140505815390497446e-05 3.002011403441429138e-02 -7.691638078540563583e-03 1.349292087554931641e+01
4.594509005546569824e-01 -5.885550490347668529e-05 2.963553182780742645e-02 -8.044498972594738007e-03 1.424258327484130859e+01
4.816713631153106689e-01 -3.638827911345288157e-05 2.923330664634704590e-02 -8.405243977904319763e-03 1.499225425720214844e+01
5.035914182662963867e-01 -8.487344530294649303e-06 2.881304360926151276e-02 -8.770357817411422729e-03 1.574193382263183594e+01
5.251978039741516113e-01 2.791172119032125920e-05 2.837452664971351624e-02 -9.135989472270011902e-03 1.649162292480468750e+01
5.464772582054138184e-01 7.335132249863818288e-05 2.791772782802581787e-02 -9.498832747340202332e-03 1.724132156372070312e+01
5.674164891242980957e-01 1.282799785258248448e-04 2.744278684258460999e-02 -9.855317883193492889e-03 1.799102973937988281e+01
5.880023837089538574e-01 1.902650838019326329e-04 2.695002034306526184e-02 -1.020359434187412262e-02 1.874074745178222656e+01
6.082219481468200684e-01 2.566758194006979465e-04 2.643983997404575348e-02 -1.054271589964628220e-02 1.949047470092773438e+01
6.280623674392700195e-01 3.257166245020925999e-04 2.591270394623279572e-02 -1.087201386690139771e-02 2.024021148681640625e+01
6.475110054016113281e-01 3.952670376747846603e-04 2.536910399794578552e-02 -1.119164470583200455e-02 2.098995971679687500e+01
6.665555238723754883e-01 4.644888977054506540e-04 2.480952255427837372e-02 -1.150159724056720734e-02 2.173971748352050781e+01
6.851840019226074219e-01 5.314658628776669502e-04 2.423444204032421112e-02 -1.180291641503572464e-02 2.248948669433593750e+01
7.033846378326416016e-01 5.961719434708356857e-04 2.364429645240306854e-02 -1.209601853042840958e-02 2.323926544189453125e+01
7.211459875106811523e-01 6.587739335373044014e-04 2.303949557244777679e-02 -1.238121185451745987e-02 2.398905563354492188e+01
7.384570240974426270e-01 7.192912744358181953e-04 2.242043428122997284e-02 -1.265886705368757248e-02 2.473885536193847656e+01
7.553068995475769043e-01 7.774624391458928585e-04 2.178749069571495056e-02 -1.292955968528985977e-02 2.548866653442382812e+01
7.716850638389587402e-01 8.348512928932905197e-04 2.114101313054561615e-02 -1.319269277155399323e-02 2.623848724365234375e+01
7.875813841819763184e-01 8.912388002499938011e-04 2.048137784004211426e-02 -1.344835851341485977e-02 2.698831939697265625e+01
8.029859066009521484e-01 9.474437683820724487e-04 1.980895921587944031e-02 -1.369599904865026474e-02 2.773816108703613281e+01
8.178890347480773926e-01 1.002820208668708801e-03 1.912415958940982819e-02 -1.393578015267848969e-02 2.848801231384277344e+01
8.322814106941223145e-01 1.057847985066473484e-03 1.842737011611461639e-02 -1.416730228811502457e-02 2.923787498474121094e+01
8.461540341377258301e-01 1.113310805521905422e-03 1.771900430321693420e-02 -1.438976731151342392e-02 2.998774719238281250e+01
8.594982624053955078e-01 1.168309478089213371e-03 1.699951663613319397e-02 -1.460326090455055237e-02 3.073762893676757812e+01
8.723056912422180176e-01 1.222411170601844788e-03 1.626935414969921112e-02 -1.480785291641950607e-02 3.148752021789550781e+01
8.845682740211486816e-01 1.276499358937144279e-03 1.552896108478307724e-02 -1.500283367931842804e-02 3.223741912841796875e+01
8.962783217430114746e-01 1.329957973212003708e-03 1.477881893515586853e-02 -1.518821902573108673e-02 3.298732757568359375e+01
9.074285030364990234e-01 1.382586662657558918e-03 1.401940826326608658e-02 -1.536394096910953522e-02 3.373724365234375000e+01
9.180118441581726074e-01 1.434275065548717976e-03 1.325121149420738220e-02 -1.552993804216384888e-02 3.448716735839843750e+01
9.280216693878173828e-01 1.484533655457198620e-03 1.247471477836370468e-02 -1.568645052611827850e-02 3.523709869384765625e+01
9.374516606330871582e-01 1.534228329546749592e-03 1.169039215892553329e-02 -1.583293825387954712e-02 3.598703765869140625e+01
9.462959766387939453e-01 1.583140692673623562e-03 1.089874561876058578e-02 -1.596930436789989471e-02 3.673698425292968750e+01
9.545490145683288574e-01 1.630521146580576897e-03 1.010028086602687836e-02 -1.609590090811252594e-02 3.748693847656250000e+01
9.622056484222412109e-01 1.676846644841134548e-03 9.295485913753509521e-03 -1.621248386800289154e-02 3.823690032958984375e+01
9.692609906196594238e-01 1.722352579236030579e-03 8.484861813485622406e-03 -1.631880551576614380e-02 3.898686599731445312e+01
9.757106900215148926e-01 1.766930916346609592e-03 7.668921723961830139e-03 -1.641477271914482117e-02 3.973683929443359375e+01
9.815506935119628906e-01 1.810094341635704041e-03 6.848182994872331619e-03 -1.650058478116989136e-02 4.048681640625000000e+01
9.867773056030273438e-01 1.851947279646992683e-03 6.023153662681579590e-03 -1.657620631158351898e-02 4.123679733276367188e+01
9.913872480392456055e-01 1.892679603770375252e-03 5.194343160837888718e-03 -1.664150133728981018e-02 4.198678207397460938e+01
9.953776001930236816e-01 1.932426239363849163e-03 4.362267907708883286e-03 -1.669630035758018494e-02 4.273677062988281250e+01
9.987459182739257812e-01 1.971182646229863167e-03 3.527452936396002769e-03 -1.674047857522964478e-02 4.348676300048828125e+01
1.001490116119384766e+00 2.008684445172548294e-03 2.690428867936134338e-03 -1.677409373223781586e-02 4.423675918579101562e+01
1.003608345985412598e+00 2.044307067990303040e-03 1.851724227890372276e-03 -1.679754443466663361e-02 4.498675537109375000e+01
1.005099296569824219e+00 2.079272642731666565e-03 1.011847052723169327e-03 -1.681016385555267334e-02 4.573675537109375000e+01
1.005962133407592773e+00 2.113113179802894592e-03 1.713388483040034771e-04 -1.681202836334705353e-02 4.648675537109375000e+01
1.006196260452270508e+00 2.145102946087718010e-03 -6.692626047879457474e-04 -1.680355891585350037e-02 4.723675537109375000e+01
1.005801558494567871e+00 2.175499917939305305e-03 -1.509440597146749496e-03 -1.678474619984626770e-02 4.798675537109375000e+01
1.004778265953063965e+00 2.204828429967164993e-03 -2.348677953705191612e-03 -1.675531454384326935e-02 4.873675537109375000e+01
1.003126978874206543e+00 2.232434228062629700e-03 -3.186443820595741272e-03 -1.671561785042285919e-02 4.948675537109375000e+01
1.000848770141601562e+00 2.259213011711835861e-03 -4.022224806249141693e-03 -1.666515879333019257e-02 5.023675155639648438e+01
9.979450702667236328e-01 2.284353598952293396e-03 -4.855482839047908783e-03 -1.660431921482086182e-02 5.098674774169921875e+01
9.944176673889160156e-01 2.308212686330080032e-03 -5.685698706656694412e-03 -1.653294637799263000e-02 5.173674011230468750e+01
9.902688264846801758e-01 2.330432645976543427e-03 -6.512346211820840836e-03 -1.645126566290855408e-02 5.248672866821289062e+01
9.855011105537414551e-01 2.351321745663881302e-03 -7.334909401834011078e-03 -1.635916531085968018e-02 5.323671340942382812e+01
9.801175594329833984e-01 2.370536793023347855e-03 -8.152867667376995087e-03 -1.625688560307025909e-02 5.398669433593750000e+01
9.741215109825134277e-01 2.388190245255827904e-03 -8.965712040662765503e-03 -1.614446938037872314e-02 5.473667144775390625e+01
9.675167202949523926e-01 2.404425758868455887e-03 -9.772935882210731506e-03 -1.602190360426902771e-02 5.548664093017578125e+01
9.603073596954345703e-01 2.419153228402137756e-03 -1.057403068989515305e-02 -1.588928885757923126e-02 5.623660659790039062e+01
9.524979591369628906e-01 2.432222943753004074e-03 -1.136849541217088699e-02 -1.574680395424365997e-02 5.698656463623046875e+01
9.440933465957641602e-01 2.443843521177768707e-03 -1.215583551675081253e-02 -1.559443492442369461e-02 5.773651885986328125e+01
9.350988864898681641e-01 2.453929278999567032e-03 -1.293555740267038345e-02 -1.543230470269918442e-02 5.848646545410156250e+01
9.255201816558837891e-01 2.462463919073343277e-03 -1.370717305690050125e-02 -1.526052132248878479e-02 5.923640441894531250e+01
9.153632521629333496e-01 2.469764789566397667e-03 -1.447019912302494049e-02 -1.507896743714809418e-02 5.998633575439453125e+01
9.046344757080078125e-01 2.474961569532752037e-03 -1.522414758801460266e-02 -1.488825120031833649e-02 6.073625946044921875e+01
8.933405280113220215e-01 2.478747162967920303e-03 -1.596855930984020233e-02 -1.468820124864578247e-02 6.148617553710937500e+01
8.814885616302490234e-01 2.480934606865048409e-03 -1.670296862721443176e-02 -1.447902619838714600e-02 6.223608016967773438e+01
8.690859675407409668e-01 2.482029842212796211e-03 -1.742691919207572937e-02 -1.426051650196313858e-02 6.298597717285156250e+01
8.561404943466186523e-01 2.481145551428198814e-03 -1.813994534313678741e-02 -1.403326168656349182e-02 6.373586654663085938e+01
8.426603078842163086e-01 2.478845650330185890e-03 -1.884160935878753662e-02 -1.379716396331787109e-02 6.448574829101562500e+01
8.286538720130920410e-01 2.473911037668585777e-03 -1.953146792948246002e-02 -1.355318073183298111e-02 6.523561859130859375e+01
8.141298890113830566e-01 2.468726132065057755e-03 -2.020912617444992065e-02 -1.330019347369670868e-02 6.598548126220703125e+01
7.990974783897399902e-01 2.461916999891400337e-03 -2.087413519620895386e-02 -1.303886063396930695e-02 6.673532867431640625e+01
7.835660576820373535e-01 2.453456865623593330e-03 -2.152607776224613190e-02 -1.276939455419778824e-02 6.748516845703125000e+01
7.675454020500183105e-01 2.443659352138638496e-03 -2.216454781591892242e-02 -1.249178871512413025e-02 6.823500061035156250e+01
7.510455250740051270e-01 2.431826433166861534e-03 -2.278913743793964386e-02 -1.220663823187351227e-02 6.898481750488281250e+01
7.340767383575439453e-01 2.418916905298829079e-03 -2.339946851134300232e-02 -1.191364042460918427e-02 6.973462677001953125e+01
7.166496515274047852e-01 2.403737045824527740e-03 -2.399514988064765930e-02 -1.161366607993841171e-02 7.048442077636718750e+01
6.987751722335815430e-01 2.387910615652799606e-03 -2.457583323121070862e-02 -1.130604930222034454e-02 7.123420715332031250e+01
6.804645061492919922e-01 2.370050875470042229e-03 -2.514113485813140869e-02 -1.099165715277194977e-02 7.198398590087890625e+01
6.617290973663330078e-01 2.351010916754603386e-03 -2.569071762263774872e-02 -1.067029498517513275e-02 7.273374938964843750e+01
6.425806879997253418e-01 2.330085262656211853e-03 -2.622423321008682251e-02 -1.034256443381309509e-02 7.348350524902343750e+01
6.230312585830688477e-01 2.308355644345283508e-03 -2.674136124551296234e-02 -1.000807620584964752e-02 7.423325347900390625e+01
6.030930280685424805e-01 2.283556386828422546e-03 -2.724176459014415741e-02 -9.668415412306785583e-03 7.498298645019531250e+01
5.827783942222595215e-01 2.259274944663047791e-03 -2.772518619894981384e-02 -9.321886114776134491e-03 7.573271179199218750e+01
5.621001124382019043e-01 2.233559265732765198e-03 -2.819127961993217468e-02 -8.969387039542198181e-03 7.648242950439453125e+01
5.410710573196411133e-01 2.205656841397285461e-03 -2.863974869251251221e-02 -8.611687459051609039e-03 7.723213195800781250e+01
5.197044014930725098e-01 2.177125541493296623e-03 -2.907033264636993408e-02 -8.248219266533851624e-03 7.798182678222656250e+01
4.980135262012481689e-01 2.146929502487182617e-03 -2.948274277150630951e-02 -7.879680022597312927e-03 7.873151397705078125e+01
4.760119616985321045e-01 2.114503877237439156e-03 -2.987672761082649231e-02 -7.506827358156442642e-03 7.948119354248046875e+01
4.537134170532226562e-01 2.081044018268585205e-03 -3.025206923484802246e-02 -7.129402365535497665e-03 8.023086547851562500e+01
4.311318397521972656e-01 2.046496141701936722e-03 -3.060853853821754456e-02 -6.747604347765445709e-03 8.098052215576171875e+01
4.082812964916229248e-01 2.012595999985933304e-03 -3.094591945409774780e-02 -6.360393948853015900e-03 8.173017120361328125e+01
3.851761519908905029e-01 1.975666731595993042e-03 -3.126394003629684448e-02 -5.969909485429525375e-03 8.247981262207031250e+01
3.618307411670684814e-01 1.938109868206083775e-03 -3.156243637204170227e-02 -5.575363058596849442e-03 8.322944641113281250e+01
3.382596969604492188e-01 1.897992915473878384e-03 -3.184120357036590576e-02 -5.178163759410381317e-03 8.397907257080078125e+01
3.144776821136474609e-01 1.857757917605340481e-03 -3.210011124610900879e-02 -4.777360707521438599e-03 8.472869873046875000e+01
2.904995679855346680e-01 1.815539202652871609e-03 -3.233898058533668518e-02 -4.374157171696424484e-03 8.547831726074218750e+01
2.663402855396270752e-01 1.771554001607000828e-03 -3.255768865346908569e-02 -3.968984819948673248e-03 8.622792816162109375e+01
2.420148700475692749e-01 1.728580566123127937e-03 -3.275613859295845032e-02 -3.560409182682633400e-03 8.697753143310546875e+01
2.175385355949401855e-01 1.685047755017876625e-03 -3.293415904045104980e-02 -3.149042837321758270e-03 8.772713470458984375e+01
1.929265856742858887e-01 1.639274414628744125e-03 -3.309161216020584106e-02 -2.736147260293364525e-03 8.847673034667968750e+01
1.681943237781524658e-01 1.592702465131878853e-03 -3.322841972112655640e-02 -2.321415813639760017e-03 8.922632598876953125e+01
1.433571875095367432e-01 1.544580678455531597e-03 -3.334449231624603271e-02 -1.905578072182834148e-03 8.997591400146484375e+01
1.184306368231773376e-01 1.496107201091945171e-03 -3.343977034091949463e-02 -1.488278154283761978e-03 9.072550201416015625e+01
9.343024343252182007e-02 1.446389476768672466e-03 -3.351418301463127136e-02 -1.070206169970333576e-03 9.147508239746093750e+01
6.837158650159835815e-02 1.396352075971662998e-03 -3.356769308447837830e-02 -6.511083338409662247e-04 9.222466278076171875e+01
4.327032342553138733e-02 1.344960764981806278e-03 -3.360024839639663696e-02 -2.317819744348526001e-04 9.297424316406250000e+01
1.814208924770355225e-02 1.292369794100522995e-03 -3.361183777451515198e-02 1.874209847301244736e-04 9.372382354736328125e+01
-6.997460499405860901e-03 1.239000237546861172e-03 -3.360246494412422180e-02 6.063755135983228683e-04 9.447340393066406250e+01
-3.213265538215637207e-02 1.185053726658225060e-03 -3.357214480638504028e-02 1.024942495860159397e-03 9.522298431396484375e+01
-5.724781751632690430e-02 1.130615011788904667e-03 -3.352089598774909973e-02 1.442964421585202217e-03 9.597256469726562500e+01
-8.232728391885757446e-02 1.075705047696828842e-03 -3.344874829053878784e-02 1.860261079855263233e-03 9.672214508056640625e+01
-1.073554158210754395e-01 1.020254334434866905e-03 -3.335573524236679077e-02 2.276588231325149536e-03 9.747172546386718750e+01
-1.323165893554687500e-01 9.642844670452177525e-04 -3.324190527200698853e-02 2.691731788218021393e-03 9.822131347656250000e+01
-1.571952402591705322e-01 9.065968333743512630e-04 -3.310731798410415649e-02 3.104613162577152252e-03 9.897090148925781250e+01
-1.819758862257003784e-01 8.488721796311438084e-04 -3.295208886265754700e-02 3.515725256875157356e-03 9.972048950195312500e+01
-2.066430598497390747e-01 7.912380388006567955e-04 -3.277630358934402466e-02 3.925068769603967667e-03 1.004700851440429688e+02
-2.311813533306121826e-01 7.322502788156270981e-04 -3.258005157113075256e-02 4.331578500568866730e-03 1.012196807861328125e+02
-2.555754780769348145e-01 6.734599592164158821e-04 -3.236347436904907227e-02 4.735757596790790558e-03 1.019692840576171875e+02
-2.798101902008056641e-01 6.136701558716595173e-04 -3.212668746709823608e-02 5.136728286743164062e-03 1.027188949584960938e+02
-3.038703799247741699e-01 5.531568895094096661e-04 -3.186985105276107788e-02 5.534199066460132599e-03 1.034685058593750000e+02
-3.277410864830017090e-01 4.932333831675350666e-04 -3.159314021468162537e-02 5.928695201873779297e-03 1.042181243896484375e+02
-3.514073491096496582e-01 4.319929576013237238e-04 -3.129670396447181702e-02 6.318945903331041336e-03 1.049677505493164062e+02
-3.748544454574584961e-01 3.713530604727566242e-04 -3.098075650632381439e-02 6.705664563924074173e-03 1.057173843383789062e+02
-3.980677425861358643e-01 3.106446238234639168e-04 -3.064547292888164520e-02 7.088434416800737381e-03 1.064670257568359375e+02
-4.210327267646789551e-01 2.487466845195740461e-04 -3.029105067253112793e-02 7.466268260031938553e-03 1.072166748046875000e+02
-4.437351226806640625e-01 1.878508483059704304e-04 -2.991773746907711029e-02 7.840086705982685089e-03 1.079663314819335938e+02
-4.661606848239898682e-01 1.260445569641888142e-04 -2.952573262155056000e-02 8.208714425563812256e-03 1.087159957885742188e+02
-4.882954657077789307e-01 6.445209874073043466e-05 -2.911529690027236938e-02 8.572401478886604309e-03 1.094656677246093750e+02
-5.101256370544433594e-01 3.763394488487392664e-06 -2.868667617440223694e-02 8.931497111916542053e-03 1.102153472900390625e+02
-5.316374897956848145e-01 -5.812857853015884757e-05 -2.824010141193866730e-02 9.284624829888343811e-03 1.109650421142578125e+02
-5.528176426887512207e-01 -1.208311732625588775e-04 -2.777587063610553741e-02 9.631386958062648773e-03 1.117147445678710938e+02
-5.736529231071472168e-01 -1.828654494602233171e-04 -2.729430049657821655e-02 9.972269646823406219e-03 1.124644546508789062e+02
-5.941302776336669922e-01 -2.442865516059100628e-04 -2.679568715393543243e-02 1.030720770359039307e-02 1.132141723632812500e+02
-6.142368316650390625e-01 -3.049529041163623333e-04 -2.628032676875591278e-02 1.063625607639551163e-02 1.139639053344726562e+02
-6.339600682258605957e-01 -3.671734593808650970e-04 -2.574851363897323608e-02 1.095778867602348328e-02 1.147136459350585938e+02
-6.532876491546630859e-01 -4.280014836695045233e-04 -2.520062401890754700e-02 1.127301808446645737e-02 1.154633941650390625e+02
-6.722075343132019043e-01 -4.882364592049270868e-04 -2.463697269558906555e-02 1.158158760517835617e-02 1.162131576538085938e+02
-6.907078027725219727e-01 -5.493885837495326996e-04 -2.405789308249950409e-02 1.188234426081180573e-02 1.169629287719726562e+02
-7.087769508361816406e-01 -6.100601749494671822e-04 -2.346377633512020111e-02 1.217561587691307068e-02 1.177127075195312500e+02
-7.264036536216735840e-01 -6.688437424600124359e-04 -2.285499498248100281e-02 1.246223598718643188e-02 1.184625015258789062e+02
-7.435768246650695801e-01 -7.291085203178226948e-04 -2.223188243806362152e-02 1.274018548429012299e-02 1.192123031616210938e+02
-7.602857947349548340e-01 -7.882937206886708736e-04 -2.159487269818782806e-02 1.301037985831499100e-02 1.199621200561523438e+02
-7.765200734138488770e-01 -8.474252535961568356e-04 -2.094435319304466248e-02 1.327212620526552200e-02 1.207119445800781250e+02
-7.922695279121398926e-01 -9.052074747160077095e-04 -2.028074674308300018e-02 1.352598704397678375e-02 1.214617767333984375e+02
-8.075243234634399414e-01 -9.620554046705365181e-04 -1.960444822907447815e-02 1.377179194241762161e-02 1.222116241455078125e+02
-8.222748041152954102e-01 -1.019012066535651684e-03 -1.891585811972618103e-02 1.400876976549625397e-02 1.229614791870117188e+02
-8.365117907524108887e-01 -1.075732638128101826e-03 -1.821541972458362579e-02 1.423673704266548157e-02 1.237113418579101562e+02
-8.502264022827148438e-01 -1.130940741859376431e-03 -1.750358194112777710e-02 1.445628050714731216e-02 1.244612197875976562e+02
-8.634099364280700684e-01 -1.185984117910265923e-03 -1.678076758980751038e-02 1.466659829020500183e-02 1.252111053466796875e+02
-8.760542273521423340e-01 -1.240894198417663574e-03 -1.604743674397468567e-02 1.486731879413127899e-02 1.259609985351562500e+02
-8.881513476371765137e-01 -1.293751643970608711e-03 -1.530407089740037918e-02 1.505941897630691528e-02 1.267108993530273438e+02
-8.996936082839965820e-01 -1.346625387668609619e-03 -1.455110032111406326e-02 1.524176541715860367e-02 1.274608078002929688e+02
-9.106738567352294922e-01 -1.398915774188935757e-03 -1.378901209682226181e-02 1.541434135288000107e-02 1.282107238769531250e+02
-9.210852384567260742e-01 -1.449875533580780029e-03 -1.301829516887664795e-02 1.557744480669498444e-02 1.289606475830078125e+02
-9.309211969375610352e-01 -1.499257283285260201e-03 -1.223942264914512634e-02 1.573129184544086456e-02 1.297105865478515625e+02
-9.401754736900329590e-01 -1.548973494209349155e-03 -1.145285833626985550e-02 1.587466523051261902e-02 1.304605255126953125e+02
-9.488423466682434082e-01 -1.596868853084743023e-03 -1.065912470221519470e-02 1.600850559771060944e-02 1.312104797363281250e+02
-9.569163918495178223e-01 -1.644708332605659962e-03 -9.858699515461921692e-03 1.613177172839641571e-02 1.319604339599609375e+02
-9.643925428390502930e-01 -1.690626959316432476e-03 -9.052110835909843445e-03 1.624533161520957947e-02 1.327104034423828125e+02
-9.712660312652587891e-01 -1.735740224830806255e-03 -8.239843882620334625e-03 1.634862646460533142e-02 1.334603729248046875e+02
-9.775326251983642578e-01 -1.779884216375648975e-03 -7.422412745654582977e-03 1.644159480929374695e-02 1.342103424072265625e+02
-9.831883907318115234e-01 -1.822551479563117027e-03 -6.600332912057638168e-03 1.652446761727333069e-02 1.349603271484375000e+02
-9.882297515869140625e-01 -1.864075078628957272e-03 -5.774109624326229095e-03 1.659707352519035339e-02 1.357103118896484375e+02
-9.926534891128540039e-01 -1.904805190861225128e-03 -4.944256041198968887e-03 1.665910147130489349e-02 1.364602966308593750e+02
-9.964569211006164551e-01 -1.944155432283878326e-03 -4.111301153898239136e-03 1.671076752245426178e-02 1.372102813720703125e+02
-9.996376037597656250e-01 -1.982299378141760826e-03 -3.275762777775526047e-03 1.675196364521980286e-02 1.379602813720703125e+02
-1.002193570137023926e+00 -2.019413746893405914e-03 -2.438164548948407173e-03 1.678251102566719055e-02 1.387102813720703125e+02
-1.004123210906982422e+00 -2.054966520518064499e-03 -1.599038951098918915e-03 1.680267229676246643e-02 1.394602813720703125e+02
-1.005425214767456055e+00 -2.089459681883454323e-03 -7.589053129777312279e-04 1.681216433644294739e-02 1.402102813720703125e+02
-1.006098866462707520e+00 -2.122671343386173248e-03 8.170289220288395882e-05 1.681103371083736420e-02 1.409602813720703125e+02
-1.006143689155578613e+00 -2.154664136469364166e-03 9.222545777447521687e-04 1.679920591413974762e-02 1.417102813720703125e+02
-1.005559682846069336e+00 -2.184812212362885475e-03 1.762214815244078636e-03 1.677706278860569000e-02 1.424602813720703125e+02
-1.004347205162048340e+00 -2.213736763224005699e-03 2.601068001240491867e-03 1.674434542655944824e-02 1.432102813720703125e+02
-1.002507090568542480e+00 -2.241320209577679634e-03 3.438285319134593010e-03 1.670108549296855927e-02 1.439602813720703125e+02
-1.000040411949157715e+00 -2.267008414492011070e-03 4.273339640349149704e-03 1.664766669273376465e-02 1.447102813720703125e+02
-9.969487786293029785e-01 -2.291983459144830704e-03 5.105723161250352859e-03 1.658345758914947510e-02 1.454602813720703125e+02
-9.932340979576110840e-01 -2.314484911039471626e-03 5.934895947575569153e-03 1.650946587324142456e-02 1.462102661132812500e+02
-9.888986945152282715e-01 -2.336486475542187691e-03 6.760369054973125458e-03 1.642471365630626678e-02 1.469602508544921875e+02
-9.839452505111694336e-01 -2.356836339458823204e-03 7.581604644656181335e-03 1.632970944046974182e-02 1.477102355957031250e+02
-9.783769249916076660e-01 -2.376307034865021706e-03 8.398090489208698273e-03 1.622401736676692963e-02 1.484602203369140625e+02
-9.721972346305847168e-01 -2.393131842836737633e-03 9.209291078150272369e-03 1.610871404409408569e-02 1.492101898193359375e+02
-9.654099941253662109e-01 -2.409058855846524239e-03 1.001472678035497665e-02 1.598305068910121918e-02 1.499601593017578125e+02
-9.580194950103759766e-01 -2.423821482807397842e-03 1.081387884914875031e-02 1.584706641733646393e-02 1.507101287841796875e+02
-9.500304460525512695e-01 -2.435644855722784996e-03 1.160623226314783096e-02 1.570195332169532776e-02 1.514600830078125000e+02
-9.414477348327636719e-01 -2.446494298055768013e-03 1.239132974296808243e-02 1.554693654179573059e-02 1.522100372314453125e+02
-9.322767853736877441e-01 -2.456725342199206352e-03 1.316867675632238388e-02 1.538166031241416931e-02 1.529599761962890625e+02
-9.225233793258666992e-01 -2.464804798364639282e-03 1.393776014447212219e-02 1.520696375519037247e-02 1.537099151611328125e+02
-9.121936559677124023e-01 -2.471966203302145004e-03 1.469810865819454193e-02 1.502230018377304077e-02 1.544598388671875000e+02
-9.012940526008605957e-01 -2.476303139701485634e-03 1.544922403991222382e-02 1.482889335602521896e-02 1.552097625732421875e+02
-8.898314237594604492e-01 -2.479754155501723289e-03 1.619066856801509857e-02 1.462596282362937927e-02 1.559596710205078125e+02
-8.778129220008850098e-01 -2.480949973687529564e-03 1.692196726799011230e-02 1.441435795277357101e-02 1.567095794677734375e+02
-8.652460575103759766e-01 -2.481440315023064613e-03 1.764268428087234497e-02 1.419338118284940720e-02 1.574594726562500000e+02
-8.521387577056884766e-01 -2.479790011420845985e-03 1.835235394537448883e-02 1.396387349814176559e-02 1.582093505859375000e+02
-8.384992480278015137e-01 -2.478597918525338173e-03 1.905054785311222076e-02 1.372436434030532837e-02 1.589592285156250000e+02
-8.243361115455627441e-01 -2.473999513313174248e-03 1.973676681518554688e-02 1.347697991877794266e-02 1.597090911865234375e+02
-8.096581697463989258e-01 -2.467899816110730171e-03 2.041061595082283020e-02 1.322120800614356995e-02 1.604589538574218750e+02
-7.944746613502502441e-01 -2.459135605022311211e-03 2.107167616486549377e-02 1.295801904052495956e-02 1.612088012695312500e+02
-7.787950038909912109e-01 -2.448436571285128593e-03 2.171957679092884064e-02 1.268749497830867767e-02 1.619586334228515625e+02
-7.626289725303649902e-01 -2.439284231513738632e-03 2.235395088791847229e-02 1.240752171725034714e-02 1.627084655761718750e+02
-7.459868192672729492e-01 -2.427554689347743988e-03 2.297432720661163330e-02 1.212005969136953354e-02 1.634582824707031250e+02
-7.288789153099060059e-01 -2.414523623883724213e-03 2.358032949268817902e-02 1.182477083057165146e-02 1.642080841064453125e+02
-7.113159894943237305e-01 -2.400232013314962387e-03 2.417156845331192017e-02 1.152173243463039398e-02 1.649578857421875000e+02
-6.933090686798095703e-01 -2.382542937994003296e-03 2.474765479564666748e-02 1.121255289763212204e-02 1.657076721191406250e+02
-6.748692989349365234e-01 -2.365417080000042915e-03 2.530828304588794708e-02 1.089533977210521698e-02 1.664574432373046875e+02
-6.560083627700805664e-01 -2.345381770282983780e-03 2.585305087268352509e-02 1.057200040668249130e-02 1.672071990966796875e+02
-6.367379426956176758e-01 -2.324222121387720108e-03 2.638165093958377838e-02 1.024201419204473495e-02 1.679569549560546875e+02
-6.170701980590820312e-01 -2.300296910107135773e-03 2.689375169575214386e-02 9.906639344990253448e-03 1.687066955566406250e+02
-5.970172882080078125e-01 -2.277706051245331764e-03 2.738908305764198303e-02 9.563702158629894257e-03 1.694564208984375000e+02
-5.765919089317321777e-01 -2.252169186249375343e-03 2.786726877093315125e-02 9.215433150529861450e-03 1.702061462402343750e+02
-5.558067560195922852e-01 -2.223565010353922844e-03 2.832804061472415924e-02 8.862709626555442810e-03 1.709558563232421875e+02
-5.346747040748596191e-01 -2.197073772549629211e-03 2.877117693424224854e-02 8.502739481627941132e-03 1.717055511474609375e+02
-5.132091045379638672e-01 -2.167635131627321243e-03 2.919631451368331909e-02 8.138049393892288208e-03 1.724552459716796875e+02
-4.914233088493347168e-01 -2.137387171387672424e-03 2.960321679711341858e-02 7.767947390675544739e-03 1.732049255371093750e+02
-4.693309664726257324e-01 -2.106123371049761772e-03 2.999161370098590851e-02 7.392623461782932281e-03 1.739546051025390625e+02
-4.469458758831024170e-01 -2.069873036816716194e-03 3.036124445497989655e-02 7.015008479356765747e-03 1.747042694091796875e+02
-4.242818951606750488e-01 -2.036222955211997032e-03 3.071199543774127960e-02 6.631375756114721298e-03 1.754539337158203125e+02
-4.013532698154449463e-01 -1.998454099521040916e-03 3.104356490075588226e-02 6.245307158678770065e-03 1.762035827636718750e+02
-3.781742155551910400e-01 -1.963436370715498924e-03 3.135583177208900452e-02 5.853273905813694000e-03 1.769532318115234375e+02
-3.547593057155609131e-01 -1.925789751112461090e-03 3.164849430322647095e-02 5.457863677293062210e-03 1.777028656005859375e+02
-3.311231434345245361e-01 -1.887323101982474327e-03 3.192138671875000000e-02 5.058564245700836182e-03 1.784524993896484375e+02
-3.072804808616638184e-01 -1.844142912887036800e-03 3.217431530356407166e-02 4.658243618905544281e-03 1.792021179199218750e+02
-2.832460701465606689e-01 -1.804129919037222862e-03 3.240722790360450745e-02 4.252926446497440338e-03 1.799517364501953125e+02
-2.590350508689880371e-01 -1.761593041010200977e-03 3.261987492442131042e-02 3.845318453386425972e-03 1.807013397216796875e+02
-2.346625179052352905e-01 -1.718506100587546825e-03 3.281214088201522827e-02 3.434801241382956505e-03 1.814509429931640625e+02
-2.101437002420425415e-01 -1.672802725806832314e-03 3.298388049006462097e-02 3.022901713848114014e-03 1.822005462646484375e+02
-1.854938715696334839e-01 -1.625087927095592022e-03 3.313502669334411621e-02 2.610041294246912003e-03 1.829501342773437500e+02
-1.607283651828765869e-01 -1.578244497068226337e-03 3.326552733778953552e-02 2.194840926676988602e-03 1.836997222900390625e+02
-1.358626931905746460e-01 -1.529794884845614433e-03 3.337527066469192505e-02 1.778648002073168755e-03 1.844493103027343750e+02
-1.109123304486274719e-01 -1.479931990616023540e-03 3.346420451998710632e-02 1.361841801553964615e-03 1.851988983154296875e+02
-8.589281141757965088e-02 -1.429387251846492290e-03 3.353229537606239319e-02 9.443705785088241100e-04 1.859484863281250000e+02
-6.081973016262054443e-02 -1.378297340124845505e-03 3.357951343059539795e-02 5.263466737233102322e-04 1.866980743408203125e+02
-3.570870310068130493e-02 -1.326842000707983971e-03 3.360583260655403137e-02 1.078090572264045477e-04 1.874476470947265625e+02
-1.057537645101547241e-02 -1.276867114938795567e-03 3.361122310161590576e-02 -3.124416107311844826e-04 1.881972198486328125e+02
1.456448622047901154e-02 -1.225000363774597645e-03 3.359559923410415649e-02 -7.326110498979687691e-04 1.889467926025390625e+02
3.969523310661315918e-02 -1.171261537820100784e-03 3.355896845459938049e-02 -1.152052776888012886e-03 1.896963653564453125e+02
6.480120867490768433e-02 -1.116130501031875610e-03 3.350136429071426392e-02 -1.570424181409180164e-03 1.904459381103515625e+02
8.986675739288330078e-02 -1.060103299096226692e-03 3.342284262180328369e-02 -1.987545518204569817e-03 1.911955261230468750e+02
1.148762479424476624e-01 -1.001718454062938690e-03 3.332346677780151367e-02 -2.402018522843718529e-03 1.919451141357421875e+02
1.398141682147979736e-01 -9.441813454031944275e-04 3.320336714386940002e-02 -2.815173706039786339e-03 1.926947021484375000e+02
1.646649390459060669e-01 -8.874759078025817871e-04 3.306260704994201660e-02 -3.227236913517117500e-03 1.934442901611328125e+02
1.894130259752273560e-01 -8.308471878990530968e-04 3.290124610066413879e-02 -3.637916408479213715e-03 1.941938781738281250e+02
2.140429913997650146e-01 -7.739057764410972595e-04 3.271935135126113892e-02 -4.046903923153877258e-03 1.949434661865234375e+02
2.385394573211669922e-01 -7.162438705563545227e-04 3.251700475811958313e-02 -4.453730303794145584e-03 1.956930694580078125e+02
2.628871202468872070e-01 -6.558989989571273327e-04 3.229431807994842529e-02 -4.856665153056383133e-03 1.964426727294921875e+02
2.870708703994750977e-01 -5.958789843134582043e-04 3.205148503184318542e-02 -5.256733857095241547e-03 1.971922760009765625e+02
3.110755980014801025e-01 -5.361294024623930454e-04 3.178864717483520508e-02 -5.653886590152978897e-03 1.979418945312500000e+02
3.348862826824188232e-01 -4.748193314298987389e-04 3.150595352053642273e-02 -6.046797148883342743e-03 1.986915130615234375e+02
3.584881126880645752e-01 -4.143712867517024279e-04 3.120361454784870148e-02 -6.436451803892850876e-03 1.994411468505859375e+02
3.818663060665130615e-01 -3.524051862768828869e-04 3.088179230690002441e-02 -6.821327377110719681e-03 2.001907806396484375e+02
4.050063490867614746e-01 -2.899600076489150524e-04 3.054072521626949310e-02 -7.201422937214374542e-03 2.009404296875000000e+02
4.278938472270965576e-01 -2.295056183356791735e-04 3.018065355718135834e-02 -7.578109856694936752e-03 2.016900787353515625e+02
4.505144357681274414e-01 -1.699751010164618492e-04 2.980174869298934937e-02 -7.951177656650543213e-03 2.024397430419921875e+02
4.728539586067199707e-01 -1.087086056941188872e-04 2.940418943762779236e-02 -8.318912237882614136e-03 2.031894073486328125e+02
4.948984980583190918e-01 -4.626119334716349840e-05 2.898824401199817657e-02 -8.680870756506919861e-03 2.039390869140625000e+02
5.166343450546264648e-01 1.499524660175666213e-05 2.855420112609863281e-02 -9.038068354129791260e-03 2.046887664794921875e+02
5.380478501319885254e-01 7.700345304328948259e-05 2.810229733586311340e-02 -9.389339014887809753e-03 2.054384613037109375e+02
5.591256618499755859e-01 1.381399342790246010e-04 2.763283066451549530e-02 -9.735310450196266174e-03 2.061881713867187500e+02
5.798545479774475098e-01 2.013879129663109779e-04 2.714606560766696930e-02 -1.007394585758447647e-02 2.069378814697265625e+02
6.002216339111328125e-01 2.616914280224591494e-04 2.664236910641193390e-02 -1.040776632726192474e-02 2.076876068115234375e+02
6.202141046524047852e-01 3.245095140300691128e-04 2.612198144197463989e-02 -1.073372643440961838e-02 2.084373474121093750e+02
6.398195624351501465e-01 3.854828246403485537e-04 2.558529563248157501e-02 -1.105369068682193756e-02 2.091870880126953125e+02
6.590257287025451660e-01 4.467563994694501162e-04 2.503261156380176544e-02 -1.136651914566755295e-02 2.099368438720703125e+02
6.778205633163452148e-01 5.076410598121583462e-04 2.446428500115871429e-02 -1.167228352278470993e-02 2.106866149902343750e+02
6.961923241615295410e-01 5.683864001184701920e-04 2.388067170977592468e-02 -1.197063457220792770e-02 2.114363861083984375e+02
7.141295075416564941e-01 6.263168761506676674e-04 2.328214049339294434e-02 -1.226318441331386566e-02 2.121861724853515625e+02
7.316208481788635254e-01 6.867567426525056362e-04 2.266898192465305328e-02 -1.254689507186412811e-02 2.129359741210937500e+02
7.486554384231567383e-01 7.471764693036675453e-04 2.204163745045661926e-02 -1.282229460775852203e-02 2.136857757568359375e+02
7.652226686477661133e-01 8.059086394496262074e-04 2.140052244067192078e-02 -1.309020072221755981e-02 2.144355926513671875e+02
7.813121080398559570e-01 8.644195622764527798e-04 2.074601314961910248e-02 -1.334983576089143753e-02 2.151854248046875000e+02
7.969137430191040039e-01 9.224387467838823795e-04 2.007852122187614441e-02 -1.360110100358724594e-02 2.159352569580078125e+02
8.120177388191223145e-01 9.791071061044931412e-04 1.939846575260162354e-02 -1.384440623223781586e-02 2.166851043701171875e+02
8.266146183013916016e-01 1.035908819176256657e-03 1.870624534785747528e-02 -1.407882105559110641e-02 2.174349670410156250e+02
8.406952619552612305e-01 1.093387836590409279e-03 1.800230517983436584e-02 -1.430352032184600830e-02 2.181848297119140625e+02
8.542509078979492188e-01 1.148119801655411720e-03 1.728712953627109528e-02 -1.452026050537824631e-02 2.189347076416015625e+02
8.672730326652526855e-01 1.202644663862884045e-03 1.656111702322959900e-02 -1.472784671932458878e-02 2.196846008300781250e+02
8.797534108161926270e-01 1.256484771147370338e-03 1.582472398877143860e-02 -1.492628455162048340e-02 2.204344940185546875e+02
8.916842937469482422e-01 1.310160267166793346e-03 1.507840957492589951e-02 -1.511503476649522781e-02 2.211844024658203125e+02
9.030581712722778320e-01 1.362486393190920353e-03 1.432265806943178177e-02 -1.529456581920385361e-02 2.219343109130859375e+02
9.138678908348083496e-01 1.414007856510579586e-03 1.355792954564094543e-02 -1.546454709023237228e-02 2.226842346191406250e+02
9.241067171096801758e-01 1.464650151319801807e-03 1.278470177203416824e-02 -1.562488824129104614e-02 2.234341583251953125e+02
9.337682127952575684e-01 1.514522824436426163e-03 1.200345717370510101e-02 -1.577538810670375824e-02 2.241840972900390625e+02
9.428462982177734375e-01 1.563208643347024918e-03 1.121468748897314072e-02 -1.591617055237293243e-02 2.249340362548828125e+02
9.513353109359741211e-01 1.611436950042843819e-03 1.041887886822223663e-02 -1.604669727385044098e-02 2.256839904785156250e+02
9.592298865318298340e-01 1.658422523178160191e-03 9.616544470191001892e-03 -1.616722717881202698e-02 2.264339447021484375e+02
9.665250778198242188e-01 1.704309950582683086e-03 8.808183483779430389e-03 -1.627764105796813965e-02 2.271839141845703125e+02
9.732163548469543457e-01 1.749105867929756641e-03 7.994301617145538330e-03 -1.637786440551280975e-02 2.279338836669921875e+02
9.792994856834411621e-01 1.792938332073390484e-03 7.175408303737640381e-03 -1.646772958338260651e-02 2.286838531494140625e+02
9.847706556320190430e-01 1.835493836551904678e-03 6.352021824568510056e-03 -1.654732972383499146e-02 2.294338378906250000e+02
9.896264076232910156e-01 1.876704511232674122e-03 5.524655338376760483e-03 -1.661669462919235229e-02 2.301838226318359375e+02
9.938637018203735352e-01 1.916708890348672867e-03 4.693820606917142868e-03 -1.667573489248752594e-02 2.309338073730468750e+02
9.974799156188964844e-01 1.955972751602530479e-03 3.860033815726637840e-03 -1.672408170998096466e-02 2.316837921142578125e+02
1.000472784042358398e+00 1.993601210415363312e-03 3.023829776793718338e-03 -1.676214300096035004e-02 2.324337921142578125e+02
1.002840280532836914e+00 2.030184958130121231e-03 2.185722580179572105e-03 -1.678960584104061127e-02 2.331837921142578125e+02
1.004581093788146973e+00 2.065697452053427696e-03 1.346242264844477177e-03 -1.680637896060943604e-02 2.339337921142578125e+02
1.005694031715393066e+00 2.099701901897788048e-03 5.059232935309410095e-04 -1.681266352534294128e-02 2.346837921142578125e+02
1.006178498268127441e+00 2.132393652573227882e-03 -3.347098827362060547e-04 -1.680837385356426239e-02 2.354337921142578125e+02
1.006034135818481445e+00 2.163426717743277550e-03 -1.175128621980547905e-03 -1.679373532533645630e-02 2.361837921142578125e+02
1.005260944366455078e+00 2.192910062149167061e-03 -2.014815341681241989e-03 -1.676878146827220917e-02 2.369337921142578125e+02
1.003859519958496094e+00 2.222122391685843468e-03 -2.853254321962594986e-03 -1.673268340528011322e-02 2.376837921142578125e+02
1.001830697059631348e+00 2.249008510261774063e-03 -3.689888399094343185e-03 -1.668648608028888702e-02 2.384337921142578125e+02
9.991757273674011230e-01 2.274673432111740112e-03 -4.524212796241044998e-03 -1.662976667284965515e-02 2.391837921142578125e+02
9.958963394165039062e-01 2.298756036907434464e-03 -5.355701316148042679e-03 -1.656273193657398224e-02 2.399337921142578125e+02
9.919945001602172852e-01 2.321348525583744049e-03 -6.183838006108999252e-03 -1.648540049791336060e-02 2.406837768554687500e+02
9.874727129936218262e-01 2.343868603929877281e-03 -7.008107844740152359e-03 -1.639682613313198090e-02 2.414337615966796875e+02
9.823338389396667480e-01 2.363626845180988312e-03 -7.827948778867721558e-03 -1.629843190312385559e-02 2.421837463378906250e+02
9.765810966491699219e-01 2.381432335823774338e-03 -8.642870001494884491e-03 -1.619016379117965698e-02 2.429337310791015625e+02
9.702180624008178711e-01 2.397594973444938660e-03 -9.452378377318382263e-03 -1.607203669846057892e-02 2.436837005615234375e+02
9.632487297058105469e-01 2.413977403193712234e-03 -1.025598030537366867e-02 -1.594286412000656128e-02 2.444336700439453125e+02
9.556775689125061035e-01 2.428040374070405960e-03 -1.105312351137399673e-02 -1.580386981368064880e-02 2.451836242675781250e+02
9.475092887878417969e-01 2.439865143969655037e-03 -1.184331718832254410e-02 -1.565536297857761383e-02 2.459335784912109375e+02
9.387490153312683105e-01 2.449471969157457352e-03 -1.262608543038368225e-02 -1.549767795950174332e-02 2.466835327148437500e+02
9.294021725654602051e-01 2.457679482176899910e-03 -1.340096909552812576e-02 -1.533059589564800262e-02 2.474334716796875000e+02
9.194746017456054688e-01 2.466584322974085808e-03 -1.416749879717826843e-02 -1.515270117670297623e-02 2.481834106445312500e+02
9.089726209640502930e-01 2.473211614415049553e-03 -1.492513343691825867e-02 -1.496537309139966965e-02 2.489333343505859375e+02
8.979028463363647461e-01 2.477445872500538826e-03 -1.567340269684791565e-02 -1.476906146854162216e-02 2.496832580566406250e+02
8.862721323966979980e-01 2.479304792359471321e-03 -1.641185581684112549e-02 -1.456418354064226151e-02 2.504331665039062500e+02
8.740877509117126465e-01 2.481804462149739265e-03 -1.714006438851356506e-02 -1.434905268251895905e-02 2.511830749511718750e+02
8.613573908805847168e-01 2.481847768649458885e-03 -1.785751618444919586e-02 -1.412517670542001724e-02 2.519329681396484375e+02
8.480890393257141113e-01 2.479447284713387489e-03 -1.856377534568309784e-02 -1.389301102608442307e-02 2.526828460693359375e+02
8.342909812927246094e-01 2.477275440469384193e-03 -1.925842650234699249e-02 -1.365114748477935791e-02 2.534327239990234375e+02
8.199719190597534180e-01 2.472109859809279442e-03 -1.994098350405693054e-02 -1.340135373175144196e-02 2.541825866699218750e+02
8.051407337188720703e-01 2.464423188939690590e-03 -2.061105147004127502e-02 -1.314398273825645447e-02 2.549324340820312500e+02
7.898067235946655273e-01 2.457681810483336449e-03 -2.126825042068958282e-02 -1.287712249904870987e-02 2.556822814941406250e+02
7.739796042442321777e-01 2.447998384013772011e-03 -2.191210724413394928e-02 -1.260277628898620605e-02 2.564321289062500000e+02
7.576692104339599609e-01 2.435563364997506142e-03 -2.254224568605422974e-02 -1.232149731367826462e-02 2.571819458007812500e+02
7.408857345581054688e-01 2.424356993287801743e-03 -2.315832115709781647e-02 -1.203111931681632996e-02 2.579317626953125000e+02
7.236397266387939453e-01 2.409639768302440643e-03 -2.375987730920314789e-02 -1.173416618257761002e-02 2.586815795898437500e+02
7.059419155120849609e-01 2.392834285274147987e-03 -2.434658631682395935e-02 -1.143056061118841171e-02 2.594313659667968750e+02
6.878033876419067383e-01 2.377483760938048363e-03 -2.491811476647853851e-02 -1.111823227256536484e-02 2.601811523437500000e+02
6.692355871200561523e-01 2.358671743422746658e-03 -2.547402679920196533e-02 -1.079976558685302734e-02 2.609309082031250000e+02
6.502500176429748535e-01 2.340472303330898285e-03 -2.601401507854461670e-02 -1.047321502119302750e-02 2.616806640625000000e+02
6.308587193489074707e-01 2.318450715392827988e-03 -2.653767541050910950e-02 -1.014114357531070709e-02 2.624304199218750000e+02
6.110736727714538574e-01 2.296639140695333481e-03 -2.704473212361335754e-02 -9.801789186894893646e-03 2.631801452636718750e+02
5.909073948860168457e-01 2.271190984174609184e-03 -2.753482200205326080e-02 -9.457477368414402008e-03 2.639298706054687500e+02
5.703724026679992676e-01 2.243027789518237114e-03 -2.800769545137882233e-02 -9.108602069318294525e-03 2.646795959472656250e+02
5.494815111160278320e-01 2.213170286267995834e-03 -2.846312522888183594e-02 -8.755186572670936584e-03 2.654292907714843750e+02
5.282476544380187988e-01 2.186109777539968491e-03 -2.890088409185409546e-02 -8.394447155296802521e-03 2.661789855957031250e+02
5.066842436790466309e-01 2.160347066819667816e-03 -2.932060696184635162e-02 -8.026153780519962311e-03 2.669286804199218750e+02
4.848048985004425049e-01 2.126612700521945953e-03 -2.972191385924816132e-02 -7.656074129045009613e-03 2.676783752441406250e+02
4.626230299472808838e-01 2.090811962261795998e-03 -3.010471723973751068e-02 -7.282727397978305817e-03 2.684280395507812500e+02
4.401524066925048828e-01 2.062406623736023903e-03 -3.046885319054126740e-02 -6.900003645569086075e-03 2.691777038574218750e+02
4.174073636531829834e-01 2.026191912591457367e-03 -3.081385418772697449e-02 -6.515670567750930786e-03 2.699273681640625000e+02
3.944018781185150146e-01 1.987761817872524261e-03 -3.113963827490806580e-02 -6.128416862338781357e-03 2.706770019531250000e+02
3.711502552032470703e-01 1.955949701368808746e-03 -3.144605830311775208e-02 -5.732644349336624146e-03 2.714266357421875000e+02
3.476673364639282227e-01 1.915607834234833717e-03 -3.173268958926200867e-02 -5.336388014256954193e-03 2.721762695312500000e+02
3.239675462245941162e-01 1.872726716101169586e-03 -3.199950978159904480e-02 -4.938356578350067139e-03 2.729259033203125000e+02
3.000656068325042725e-01 1.833116868510842323e-03 -3.224642574787139893e-02 -4.535249434411525726e-03 2.736755371093750000e+02
2.759765982627868652e-01 1.787327462807297707e-03 -3.247318789362907410e-02 -4.132390022277832031e-03 2.744251403808593750e+02
2.517153024673461914e-01 1.749276183545589447e-03 -3.267980739474296570e-02 -3.722101915627717972e-03 2.751747436523437500e+02
2.272972315549850464e-01 1.703714020550251007e-03 -3.286591172218322754e-02 -3.312150249257683754e-03 2.759243469238281250e+02
2.027373760938644409e-01 1.659869914874434471e-03 -3.303151950240135193e-02 -2.898637438192963600e-03 2.766739501953125000e+02
1.780511885881423950e-01 1.609481289051473141e-03 -3.317645192146301270e-02 -2.486651530489325523e-03 2.774235534667968750e+02
1.532538533210754395e-01 1.559360302053391933e-03 -3.330078348517417908e-02 -2.073719631880521774e-03 2.781731567382812500e+02
1.283608078956604004e-01 1.514209550805389881e-03 -3.340446949005126953e-02 -1.656386302784085274e-03 2.789227294921875000e+02
1.033877879381179810e-01 1.467256224714219570e-03 -3.348729014396667480e-02 -1.237520598806440830e-03 2.796723022460937500e+02
7.835033535957336426e-02 1.421585795469582081e-03 -3.354916721582412720e-02 -8.155012037605047226e-04 2.804218750000000000e+02
5.326421558856964111e-02 1.371482736431062222e-03 -3.358994051814079285e-02 -3.937841393053531647e-04 2.811714477539062500e+02
2.814503200352191925e-02 1.313732704147696495e-03 -3.360962867736816406e-02 2.380684600211679935e-05 2.819210205078125000e+02
3.008203580975532532e-03 1.260583056136965752e-03 -3.360843658447265625e-02 4.430894041433930397e-04 2.826705932617187500e+02
-2.213038690388202667e-02 1.203099032863974571e-03 -3.358628228306770325e-02 8.594203973188996315e-04 2.834201660156250000e+02
-4.725524410605430603e-02 1.150753465481102467e-03 -3.354331105947494507e-02 1.277858624234795570e-03 2.841697387695312500e+02
-7.235050201416015625e-02 1.093930448405444622e-03 -3.347941860556602478e-02 1.693485537543892860e-03 2.849193115234375000e+02
-9.740070998668670654e-02 1.041515613906085491e-03 -3.339474275708198547e-02 2.110902220010757446e-03 2.856688842773437500e+02
-1.223900616168975830e-01 9.840020211413502693e-04 -3.328919783234596252e-02 2.525000134482979774e-03 2.864184570312500000e+02
-1.473031789064407349e-01 9.305638377554714680e-04 -3.316294774413108826e-02 2.940346952527761459e-03 2.871680297851562500e+02
-1.721243262290954590e-01 8.716999436728656292e-04 -3.301592916250228882e-02 3.351699793711304665e-03 2.879176330566406250e+02
-1.968382149934768677e-01 8.130359346978366375e-04 -3.284834325313568115e-02 3.760976018384099007e-03 2.886672363281250000e+02
-2.214294075965881348e-01 7.514188764616847038e-04 -3.266029432415962219e-02 4.165926948189735413e-03 2.894168395996093750e+02
-2.458827197551727295e-01 6.961141480132937431e-04 -3.245199844241142273e-02 4.571885801851749420e-03 2.901664428710937500e+02
-2.701826691627502441e-01 6.367330206558108330e-04 -3.222340345382690430e-02 4.973749164491891861e-03 2.909160461425781250e+02
-2.943142056465148926e-01 5.813360912725329399e-04 -3.197471424937248230e-02 5.375619512051343918e-03 2.916656494140625000e+02
-3.182621002197265625e-01 5.203009350225329399e-04 -3.170593455433845520e-02 5.772083066403865814e-03 2.924152526855468750e+02
-3.420115709304809570e-01 4.625775618478655815e-04 -3.141732886433601379e-02 6.167271640151739120e-03 2.931648864746093750e+02
-3.655475676059722900e-01 3.960964095313102007e-04 -3.110896609723567963e-02 6.553753279149532318e-03 2.939145202636718750e+02
-3.888557255268096924e-01 3.319115203339606524e-04 -3.078127838671207428e-02 6.935918703675270081e-03 2.946641540527343750e+02
-4.119214415550231934e-01 2.742991491686552763e-04 -3.043448179960250854e-02 7.317398209124803543e-03 2.954137878417968750e+02
-4.347300827503204346e-01 2.126604958903044462e-04 -3.006861172616481781e-02 7.692956365644931793e-03 2.961634521484375000e+02
-4.572675228118896484e-01 1.514241739641875029e-04 -2.968396432697772980e-02 8.064067922532558441e-03 2.969131164550781250e+02
-4.795196652412414551e-01 8.731192792765796185e-05 -2.928076125681400299e-02 8.428363129496574402e-03 2.976627807617187500e+02
-5.014727115631103516e-01 2.547881013015285134e-05 -2.885934337973594666e-02 8.788189850747585297e-03 2.984124450683593750e+02
-5.231129527091979980e-01 -3.175207893946208060e-05 -2.841993421316146851e-02 9.145786054432392120e-03 2.991621398925781250e+02
-5.444266200065612793e-01 -9.640374628361314535e-05 -2.796264551579952240e-02 9.494157508015632629e-03 2.999118347167968750e+02
-5.654007196426391602e-01 -1.596159709151834249e-04 -2.748793736100196838e-02 9.836586192250251770e-03 3.006615295410156250e+02
-5.860220789909362793e-01 -2.200550807174295187e-04 -2.699610777199268341e-02 1.017425581812858582e-02 3.014112548828125000e+02
-6.062777042388916016e-01 -2.798623754642903805e-04 -2.648739516735076904e-02 1.050640828907489777e-02 3.021609802246093750e+02
-6.261548995971679688e-01 -3.423123853281140327e-04 -2.596207521855831146e-02 1.083070877939462662e-02 3.029107055664062500e+02
-6.456413865089416504e-01 -4.034689918626099825e-04 -2.542053908109664917e-02 1.114867907017469406e-02 3.036604614257812500e+02
-6.647248864173889160e-01 -4.661425482481718063e-04 -2.486310526728630066e-02 1.145850494503974915e-02 3.044102172851562500e+02
-6.833935976028442383e-01 -5.266263615339994431e-04 -2.429017983376979828e-02 1.176192238926887512e-02 3.051599731445312500e+02
-7.016357779502868652e-01 -5.850463639944791794e-04 -2.370208315551280975e-02 1.205932069569826126e-02 3.059097595214843750e+02
-7.194399237632751465e-01 -6.456747069023549557e-04 -2.309911698102951050e-02 1.234813500195741653e-02 3.066595458984375000e+02
-7.367950081825256348e-01 -7.048516999930143356e-04 -2.248170971870422363e-02 1.262980699539184570e-02 3.074093322753906250e+02
-7.536901235580444336e-01 -7.608375744894146919e-04 -2.185021899640560150e-02 1.290575694292783737e-02 3.081591491699218750e+02
-7.701145410537719727e-01 -8.220984600484371185e-04 -2.120493166148662567e-02 1.317085791379213333e-02 3.089089660644531250e+02
-7.860581278800964355e-01 -8.821642841212451458e-04 -2.054638788104057312e-02 1.342737395316362381e-02 3.096587829589843750e+02
-8.015109300613403320e-01 -9.399584378115832806e-04 -1.987501978874206543e-02 1.367610134184360504e-02 3.104086303710937500e+02
-8.164632320404052734e-01 -1.000411692075431347e-03 -1.919121481478214264e-02 1.391400210559368134e-02 3.111584777832031250e+02
-8.309057950973510742e-01 -1.055160770192742348e-03 -1.849551498889923096e-02 1.414558477699756622e-02 3.119083251953125000e+02
-8.448293805122375488e-01 -1.108800526708364487e-03 -1.778823509812355042e-02 1.436930149793624878e-02 3.126582031250000000e+02
-8.582252860069274902e-01 -1.163917710073292255e-03 -1.706977002322673798e-02 1.458336226642131805e-02 3.134080810546875000e+02
-8.710851669311523438e-01 -1.218297285959124565e-03 -1.634060218930244446e-02 1.478839013725519180e-02 3.141579589843750000e+02
-8.834009766578674316e-01 -1.271758228540420532e-03 -1.560118235647678375e-02 1.498437207192182541e-02 3.149078674316406250e+02
-8.951649665832519531e-01 -1.325743622146546841e-03 -1.485196407884359360e-02 1.517020259052515030e-02 3.156577758789062500e+02
-9.063698053359985352e-01 -1.379442168399691582e-03 -1.409345399588346481e-02 1.534582581371068954e-02 3.164076843261718750e+02
-9.170085191726684570e-01 -1.429446740075945854e-03 -1.332616247236728668e-02 1.551329251378774643e-02 3.171576232910156250e+02
-9.270743131637573242e-01 -1.479609985835850239e-03 -1.255049742758274078e-02 1.567080058157444000e-02 3.179075622558593750e+02
-9.365609288215637207e-01 -1.528920140117406845e-03 -1.176695711910724640e-02 1.581856422126293182e-02 3.186575012207031250e+02
-9.454624056816101074e-01 -1.578241470269858837e-03 -1.097602862864732742e-02 1.595583744347095490e-02 3.194074401855468750e+02
-9.537731409072875977e-01 -1.624742057174444199e-03 -1.017823629081249237e-02 1.608415134251117706e-02 3.201573791503906250e+02
-9.614878892898559570e-01 -1.670999685302376747e-03 -9.374029003083705902e-03 1.620225980877876282e-02 3.209073486328125000e+02
-9.686018824577331543e-01 -1.717518898658454418e-03 -8.563916198909282684e-03 1.630943454802036285e-02 3.216573181152343750e+02
-9.751105904579162598e-01 -1.762930885888636112e-03 -7.748444564640522003e-03 1.640606671571731567e-02 3.224072875976562500e+02
-9.810100197792053223e-01 -1.806005719117820263e-03 -6.928141228854656219e-03 1.649293862283229828e-02 3.231572570800781250e+02
-9.862963557243347168e-01 -1.847927924245595932e-03 -6.103494204580783844e-03 1.656958647072315216e-02 3.239072265625000000e+02
-9.909663200378417969e-01 -1.889338949695229530e-03 -5.275014787912368774e-03 1.663549989461898804e-02 3.246572265625000000e+02
-9.950170516967773438e-01 -1.929207006469368935e-03 -4.443239886313676834e-03 1.669110357761383057e-02 3.254072265625000000e+02
-9.984459280967712402e-01 -1.967609627172350883e-03 -3.608684753999114037e-03 1.673641614615917206e-02 3.261572265625000000e+02
-1.001250863075256348e+00 -2.004925161600112915e-03 -2.771863946691155434e-03 1.677121780812740326e-02 3.269072265625000000e+02
-1.003430008888244629e+00 -2.040586667135357857e-03 -1.933302963152527809e-03 1.679581403732299805e-02 3.276572265625000000e+02
-1.004981994628906250e+00 -2.075516385957598686e-03 -1.093512168154120445e-03 1.680967211723327637e-02 3.284072265625000000e+02
-1.005905866622924805e+00 -2.109507331624627113e-03 -2.530285273678600788e-04 1.681271009147167206e-02 3.291572265625000000e+02
-1.006201148033142090e+00 -2.141847275197505951e-03 5.876069772057235241e-04 1.680527254939079285e-02 3.299072265625000000e+02
-1.005867481231689453e+00 -2.172706183046102524e-03 1.427870593033730984e-03 1.678734086453914642e-02 3.306572265625000000e+02
-1.004905223846435547e+00 -2.202584408223628998e-03 2.267237752676010132e-03 1.675860397517681122e-02 3.314072265625000000e+02
-1.003314971923828125e+00 -2.230032347142696381e-03 3.105167998000979424e-03 1.671994477510452271e-02 3.321572265625000000e+02
-1.001097559928894043e+00 -2.256917068734765053e-03 3.941165283322334290e-03 1.667043752968311310e-02 3.329072265625000000e+02
-9.982545375823974609e-01 -2.281693276017904282e-03 4.774687346071004868e-03 1.661088690161705017e-02 3.336572265625000000e+02
-9.947876334190368652e-01 -2.306087175384163857e-03 5.605231504887342453e-03 1.654035039246082306e-02 3.344072265625000000e+02
-9.906990528106689453e-01 -2.328576054424047470e-03 6.432249210774898529e-03 1.645954884588718414e-02 3.351572265625000000e+02
-9.859912991523742676e-01 -2.348217181861400604e-03 7.255226839333772659e-03 1.636934652924537659e-02 3.359072265625000000e+02
-9.806673526763916016e-01 -2.368374727666378021e-03 8.073694072663784027e-03 1.626793108880519867e-02 3.366571960449218750e+02
-9.747305512428283691e-01 -2.387774642556905746e-03 8.887090720236301422e-03 1.615552417933940887e-02 3.374071655273437500e+02
-9.681847095489501953e-01 -2.403348684310913086e-03 9.694866836071014404e-03 1.603406295180320740e-02 3.381571350097656250e+02
-9.610338211059570312e-01 -2.418507589027285576e-03 1.049656979739665985e-02 1.590205915272235870e-02 3.389071044921875000e+02
-9.532824754714965820e-01 -2.431879984214901924e-03 1.129167247563600540e-02 1.576015539467334747e-02 3.396570739746093750e+02
-9.449355006217956543e-01 -2.441289369016885757e-03 1.207968033850193024e-02 1.561006717383861542e-02 3.404070129394531250e+02
-9.359980225563049316e-01 -2.453187247738242149e-03 1.286018360406160355e-02 1.544824242591857910e-02 3.411569519042968750e+02
-9.264758229255676270e-01 -2.462839474901556969e-03 1.363259553909301758e-02 1.527663879096508026e-02 3.419068908691406250e+02
-9.163748025894165039e-01 -2.467934973537921906e-03 1.439642719924449921e-02 1.509723346680402756e-02 3.426568298339843750e+02
-9.057012200355529785e-01 -2.473699394613504410e-03 1.515128929167985916e-02 1.490756589919328690e-02 3.434067687988281250e+02
-8.944618701934814453e-01 -2.477711532264947891e-03 1.589666679501533508e-02 1.470865681767463684e-02 3.441566772460937500e+02
-8.826637268066406250e-01 -2.481705741956830025e-03 1.663209870457649231e-02 1.449947804212570190e-02 3.449065856933593750e+02
-8.703143000602722168e-01 -2.480547176674008369e-03 1.735707186162471771e-02 1.428320817649364471e-02 3.456564941406250000e+02
-8.574211597442626953e-01 -2.480229828506708145e-03 1.807123236358165741e-02 1.405708305537700653e-02 3.464063720703125000e+02
-8.439924716949462891e-01 -2.480480121448636055e-03 1.877408660948276520e-02 1.382056437432765961e-02 3.471562500000000000e+02
-8.300367593765258789e-01 -2.477078232914209366e-03 1.946511492133140564e-02 1.357597671449184418e-02 3.479061279296875000e+02
-8.155626654624938965e-01 -2.470267005264759064e-03 2.014391310513019562e-02 1.332405954599380493e-02 3.486559753417968750e+02
-8.005792498588562012e-01 -2.463959390297532082e-03 2.081011608242988586e-02 1.306290272623300552e-02 3.494058227539062500e+02
-7.850959300994873047e-01 -2.454725094139575958e-03 2.146326191723346710e-02 1.279434841126203537e-02 3.501556701660156250e+02
-7.691224217414855957e-01 -2.443503821268677711e-03 2.210297994315624237e-02 1.251841988414525986e-02 3.509054870605468750e+02
-7.526686787605285645e-01 -2.432772656902670860e-03 2.272890135645866394e-02 1.223373319953680038e-02 3.516553039550781250e+02
-7.357450723648071289e-01 -2.419206546619534492e-03 2.334058843553066254e-02 1.194207929074764252e-02 3.524051208496093750e+02
-7.183621525764465332e-01 -2.403327962383627892e-03 2.393769286572933197e-02 1.164376642554998398e-02 3.531549072265625000e+02
-7.005307078361511230e-01 -2.388748573139309883e-03 2.451988123357295990e-02 1.133675035089254379e-02 3.539046936035156250e+02
-6.822620630264282227e-01 -2.371232258155941963e-03 2.508671954274177551e-02 1.102319266647100449e-02 3.546544799804687500e+02
-6.635675430297851562e-01 -2.351030008867383003e-03 2.563787996768951416e-02 1.070364564657211304e-02 3.554042358398437500e+02
-6.444587707519531250e-01 -2.332344651222229004e-03 2.617306262254714966e-02 1.037580892443656921e-02 3.561539916992187500e+02
-6.249477863311767578e-01 -2.310355659574270248e-03 2.669185400009155273e-02 1.004219986498355865e-02 3.569037475585937500e+02
-6.050467491149902344e-01 -2.286012284457683563e-03 2.719396352767944336e-02 9.703040122985839844e-03 3.576534729003906250e+02
-5.847680568695068359e-01 -2.263290341943502426e-03 2.767911553382873535e-02 9.356095455586910248e-03 3.584031982421875000e+02
-5.641244649887084961e-01 -2.240233123302459717e-03 2.814692072570323944e-02 9.001844562590122223e-03 3.591529235839843750e+02
-5.431290268898010254e-01 -2.209105296060442924e-03 2.859701216220855713e-02 8.645551279187202454e-03 3.599026184082031250e+02
-5.217946171760559082e-01 -2.179561415687203407e-03 2.902928926050662994e-02 8.283105678856372833e-03 3.606523132324218750e+02
-5.001346468925476074e-01 -2.148146741092205048e-03 2.944344468414783478e-02 7.916131988167762756e-03 3.614020080566406250e+02
-4.781626164913177490e-01 -2.118547447025775909e-03 2.983925119042396545e-02 7.542477920651435852e-03 3.621516723632812500e+02
-4.558923840522766113e-01 -2.085729036480188370e-03 3.021637536585330963e-02 7.164779119193553925e-03 3.629013366699218750e+02
-4.333377778530120850e-01 -2.049786970019340515e-03 3.057461418211460114e-02 6.783910095691680908e-03 3.636510009765625000e+02
-4.105128347873687744e-01 -2.016011159867048264e-03 3.091380931437015533e-02 6.397080142050981522e-03 3.644006652832031250e+02
-3.874319195747375488e-01 -1.975512364879250526e-03 3.123366273939609528e-02 6.009560078382492065e-03 3.651502990722656250e+02
-3.641092181205749512e-01 -1.938469591550529003e-03 3.153413906693458557e-02 5.616463255137205124e-03 3.658999328613281250e+02
-3.405594229698181152e-01 -1.903613912872970104e-03 3.181496262550354004e-02 5.217243917286396027e-03 3.666495666503906250e+02
-3.167973458766937256e-01 -1.860958640463650227e-03 3.207582607865333557e-02 4.817932844161987305e-03 3.673992004394531250e+02
-2.928375899791717529e-01 -1.820576144382357597e-03 3.231672197580337524e-02 4.414117895066738129e-03 3.681488037109375000e+02
-2.686952352523803711e-01 -1.778142061084508896e-03 3.253742679953575134e-02 4.007871728390455246e-03 3.688984069824218750e+02
-2.443853318691253662e-01 -1.733627868816256523e-03 3.273782134056091309e-02 3.599822055548429489e-03 3.696480102539062500e+02
-2.199229896068572998e-01 -1.691598445177078247e-03 3.291781246662139893e-02 3.187387948855757713e-03 3.703976135253906250e+02
-1.953236162662506104e-01 -1.642629853449761868e-03 3.307718038558959961e-02 2.776175504550337791e-03 3.711472167968750000e+02
-1.706023365259170532e-01 -1.596920774318277836e-03 3.321598842740058899e-02 2.361442195251584053e-03 3.718968200683593750e+02
-1.457747220993041992e-01 -1.546101993881165981e-03 3.333406150341033936e-02 1.947818440385162830e-03 3.726464233398437500e+02
-1.208560690283775330e-01 -1.499466830864548683e-03 3.343145176768302917e-02 1.530561246909201145e-03 3.733959960937500000e+02
-9.586208313703536987e-02 -1.451595802791416645e-03 3.350798040628433228e-02 1.111889956519007683e-03 3.741455688476562500e+02
-7.080833613872528076e-02 -1.405562390573322773e-03 3.356357663869857788e-02 6.900009466335177422e-04 3.748951416015625000e+02
