-4.067374538863077760e-05
-6.036940976628102362e-05
-1.444941881345584989e-04
-2.629647497087717056e-04
-3.941764298360794783e-04
-5.237316363491117954e-04
-6.428196211345493793e-04
-7.472167490050196648e-04
-8.361702784895896912e-04
-9.113544365391135216e-04
-9.757523075677454472e-04
-1.032824045978486538e-03
-1.086084055714309216e-03
-1.138233346864581108e-03
-1.191285904496908188e-03
-1.246442086994647980e-03
-1.304029952734708786e-03
-1.363872899673879147e-03
-1.425497699528932571e-03
-1.488000852987170219e-03
-1.550613786093890667e-03
-1.612623105756938457e-03
-1.673567923717200756e-03
-1.732795266434550285e-03
-1.790301408618688583e-03
-1.846086466684937477e-03
-1.900088507682085037e-03
-1.952480990439653397e-03
-2.003233181312680244e-03
-2.052709925919771194e-03
-2.100870478898286819e-03
-2.147746738046407700e-03
-2.193412743508815765e-03
-2.238003071397542953e-03
-2.281205728650093079e-03
-2.323161112144589424e-03
-2.363656647503376007e-03
-2.402850659564137459e-03
-2.440574346110224724e-03
-2.476621419191360474e-03
-2.511163940653204918e-03
-2.544211456552147865e-03
-2.575504127889871597e-03
-2.605174202471971512e-03
-2.633196301758289337e-03
-2.659559017047286034e-03
-2.684359438717365265e-03
-2.707365434616804123e-03
-2.728639636188745499e-03
-2.748321974650025368e-03
-2.766265766695141792e-03
-2.782427007332444191e-03
-2.796817105263471603e-03
-2.809524536132812500e-03
-2.820498775690793991e-03
-2.829700242727994919e-03
-2.837093779817223549e-03
-2.842666581273078918e-03
-2.846460323780775070e-03
-2.848605392500758171e-03
-2.848796313628554344e-03
-2.847178606316447258e-03
-2.843887545168399811e-03
-2.838843734934926033e-03
-2.831951249390840530e-03
-2.823384944349527359e-03
-2.812906866893172264e-03
-2.800738904625177383e-03
-2.786760218441486359e-03
-2.771077211946249008e-03
-2.753610024228692055e-03
-2.734461333602666855e-03
-2.713604597374796867e-03
-2.691027009859681129e-03
-2.666765823960304260e-03
-2.640865975990891457e-03
-2.613290213048458099e-03
-2.584083005785942078e-03
-2.553261583670973778e-03
-2.520764479413628578e-03
-2.486824989318847656e-03
-2.451274776831269264e-03
-2.414217218756675720e-03
-2.375541487708687782e-03
-2.335491124540567398e-03
-2.293925732374191284e-03
-2.251196885481476784e-03
-2.206743229180574417e-03
-2.160994568839669228e-03
-2.113907365128397942e-03
-2.065440407022833824e-03
-2.015803242102265358e-03
-1.964783063158392906e-03
-1.912737614475190639e-03
-1.859279000200331211e-03
-1.804828876629471779e-03
-1.749163377098739147e-03
-1.692528137937188148e-03
-1.634678686968982220e-03
-1.576237496919929981e-03
-1.516329008154571056e-03
-1.455571735277771950e-03
-1.394071266986429691e-03
-1.331492094323039055e-03
-1.268179621547460556e-03
-1.204272266477346420e-03
-1.139544532634317875e-03
-1.074112136848270893e-03
-1.007576589472591877e-03
-9.408700279891490936e-04
-8.733346476219594479e-04
-8.056021179072558880e-04
-7.370889652520418167e-04
-6.683848914690315723e-04
-5.994248203933238983e-04
-5.296312156133353710e-04
-4.594745696522295475e-04
-3.892850654665380716e-04
-3.187295515090227127e-04
-2.481172559782862663e-04
-1.771934039425104856e-04
-1.062623632606118917e-04
-3.511186878313310444e-05
3.593449582695029676e-05
1.068971105269156396e-04
1.777954457793384790e-04
2.486034354660660028e-04
3.192910808138549328e-04
3.898238937836140394e-04
4.601488763000816107e-04
5.302351783029735088e-04
5.997453117743134499e-04
6.690445006825029850e-04
7.380443857982754707e-04
8.063736022450029850e-04
8.743985672481358051e-04
9.417229448445141315e-04
1.008402789011597633e-03
1.074673142284154892e-03
1.139996689744293690e-03
1.204850384965538979e-03
1.268960535526275635e-03
1.332057872787117958e-03
1.394640887156128883e-03
1.456133439205586910e-03
1.516835065558552742e-03
1.576821436174213886e-03
1.635550404898822308e-03
1.693130005151033401e-03
1.749801216647028923e-03
1.805454376153647900e-03
1.860119518823921680e-03
1.913220388814806938e-03
1.965471543371677399e-03
2.016530837863683701e-03
2.066059969365596771e-03
2.114380244165658951e-03
2.161723561584949493e-03
2.207236131653189659e-03
2.251600380986928940e-03
2.294408623129129410e-03
2.335983095690608025e-03
2.376161748543381691e-03
2.414707792922854424e-03
2.451694570481777191e-03
2.487360266968607903e-03
2.521319314837455750e-03
2.553586615249514580e-03
2.584568923339247704e-03
2.613696036860346794e-03
2.641165629029273987e-03
2.667084801942110062e-03
2.691474510356783867e-03
2.713872119784355164e-03
2.734824316576123238e-03
2.753798849880695343e-03
2.771284664049744606e-03
2.786932745948433876e-03
2.800820628181099892e-03
2.813040977343916893e-03
2.823490649461746216e-03
2.832093508914113045e-03
2.838980639353394508e-03
2.844074973836541176e-03
2.847334835678339005e-03
2.848881995305418968e-03
2.848572330549359322e-03
2.846471965312957764e-03
2.842546673491597176e-03
2.836943836882710457e-03
2.829503035172820091e-03
2.820283873006701469e-03
2.809413010254502296e-03
2.796601271256804466e-03
2.782314084470272064e-03
2.766029210761189461e-03
2.748099621385335922e-03
2.728282939642667770e-03
2.707031555473804474e-03
2.683891681954264641e-03
2.659010933712124825e-03
2.632799558341503143e-03
2.604771871119737625e-03
2.574942540377378464e-03
2.543669426813721657e-03
2.510610502213239670e-03
2.476291032508015633e-03
2.440218813717365265e-03
2.402830636128783226e-03
2.363730687648057938e-03
2.323337132111191750e-03
2.280985936522483826e-03
2.237683860585093498e-03
2.192868851125240326e-03
2.146973041817545891e-03
2.099849516525864601e-03
2.050746930763125420e-03
2.000727923586964607e-03
1.949323923327028751e-03
1.896621077321469784e-03
1.843167236074805260e-03
1.788013498298823833e-03
1.732165110297501087e-03
1.675097621046006680e-03
1.617343630641698837e-03
1.557919196784496307e-03
1.497992197982966900e-03
1.437467872165143490e-03
1.375216408632695675e-03
1.312618376687169075e-03
1.248979941010475159e-03
1.184491557069122791e-03
1.120140776038169861e-03
1.054102322086691856e-03
9.882941376417875290e-04
9.208428091369569302e-04
8.532836800441145897e-04
7.849740795791149139e-04
7.170056342147290707e-04
6.474782130680978298e-04
5.780478822998702526e-04
5.080141127109527588e-04
4.380196915008127689e-04
3.679379005916416645e-04
2.972125075757503510e-04
2.265604562126100063e-04
1.558723597554489970e-04
8.506218000547960401e-05
1.417832027073018253e-05
-5.678572051692754030e-05
-1.282550656469538808e-04
-1.993891637539491057e-04
-2.702843339648097754e-04
-3.409370547160506248e-04
-4.113461181987076998e-04
-4.810562240891158581e-04
-5.507819005288183689e-04
-6.203633383847773075e-04
-6.896583363413810730e-04
-7.586118881590664387e-04
-8.271153201349079609e-04
-8.946499438025057316e-04
-9.618828189559280872e-04
-1.028613420203328133e-03
-1.094388077035546303e-03
-1.159788225777447224e-03
-1.224106061272323132e-03
-1.287614461034536362e-03
-1.350791775621473789e-03
-1.413318444974720478e-03
-1.474634394980967045e-03
-1.534893177449703217e-03
-1.594527973793447018e-03
-1.652949606068432331e-03
-1.710586715489625931e-03
-1.766616245731711388e-03
-1.822282443754374981e-03
-1.876071211881935596e-03
-1.929179066792130470e-03
-1.980874221771955490e-03
-2.031386364251375198e-03
-2.080579521134495735e-03
-2.129079774022102356e-03
-2.175537869334220886e-03
-2.220683032646775246e-03
-2.264706417918205261e-03
-2.307189162820577621e-03
-2.348236972466111183e-03
-2.388010034337639809e-03
-2.426109975203871727e-03
-2.462417120113968849e-03
-2.497691195458173752e-03
-2.531200880184769630e-03
-2.563161542639136314e-03
-2.593385521322488785e-03
-2.622131491079926491e-03
-2.649202011525630951e-03
-2.674622694030404091e-03
-2.698340918868780136e-03
-2.720435149967670441e-03
-2.740696771070361137e-03
-2.759310649707913399e-03
-2.776191104203462601e-03
-2.791331848129630089e-03
-2.804688643664121628e-03
-2.816323423758149147e-03
-2.826231066137552261e-03
-2.834373619407415390e-03
-2.840638859197497368e-03
-2.845235634595155716e-03
-2.847982104867696762e-03
-2.848901087418198586e-03
-2.848080359399318695e-03
-2.845453796908259392e-03
-2.841115696355700493e-03
-2.835036022588610649e-03
-2.826921176165342331e-03
-2.817283850163221359e-03
-2.805788302794098854e-03
-2.792583080008625984e-03
-2.777638612315058708e-03
-2.760620322078466415e-03
-2.742194337770342827e-03
-2.722087083384394646e-03
-2.700313692912459373e-03
-2.676456235349178314e-03
-2.651156159117817879e-03
-2.624300075694918633e-03
-2.595951082184910774e-03
-2.565971342846751213e-03
-2.533906605094671249e-03
-2.500492380931973457e-03
-2.465638099238276482e-03
-2.429408486932516098e-03
-2.391139743849635124e-03
-2.351661212742328644e-03
-2.310861134901642799e-03
-2.268166048452258110e-03
-2.224445575848221779e-03
-2.179505769163370132e-03
-2.132616238668560982e-03
-2.084818435832858086e-03
-2.035946585237979889e-03
-1.985145267099142075e-03
-1.933683757670223713e-03
-1.881081843748688698e-03
-1.826631487347185612e-03
-1.771605806425213814e-03
-1.714861835353076458e-03
-1.657643937505781651e-03
-1.598875969648361206e-03
-1.539685879833996296e-03
-1.479794038459658623e-03
-1.419137581251561642e-03
-1.356741646304726601e-03
-1.293025095947086811e-03
-1.230041147209703922e-03
-1.166237867437303066e-03
-1.099751214496791363e-03
-1.034385059028863907e-03
-9.682889794930815697e-04
-8.997463737614452839e-04
-8.325628004968166351e-04
-7.648469181731343269e-04
-6.956797442398965359e-04
-6.275087944231927395e-04
-5.567033076658844948e-04
-4.873470752499997616e-04
-4.166887665633112192e-04
-3.472011012490838766e-04
-2.771097351796925068e-04
-2.056532684946432710e-04
-1.344515767414122820e-04
-6.242503877729177475e-05
8.930936928663868457e-06
7.890284905442968011e-05
1.502044760854914784e-04
2.201739989686757326e-04
2.914076612796634436e-04
3.612835716921836138e-04
4.322876629885286093e-04
5.018141237087547779e-04
5.723712383769452572e-04
6.413120427168905735e-04
7.102452800609171391e-04
7.780430605635046959e-04
8.469681488350033760e-04
9.142846101894974709e-04
9.823379805311560631e-04
1.048505306243896484e-03
1.115198014304041862e-03
1.179083134047687054e-03
1.243024831637740135e-03
1.307502039708197117e-03
1.370037673041224480e-03
1.432084478437900543e-03
1.492552226409316063e-03
1.552684349007904530e-03
1.612840453162789345e-03
1.670179772190749645e-03
1.727101509459316730e-03
1.783429761417210102e-03
1.838687690906226635e-03
1.892196945846080780e-03
1.944907126016914845e-03
1.995912753045558929e-03
2.046144567430019379e-03
2.095426665619015694e-03
2.142794895917177200e-03
2.189212478697299957e-03
2.234915737062692642e-03
2.277861582115292549e-03
2.319759922102093697e-03
2.360482234507799149e-03
2.398825250566005707e-03
2.436907729133963585e-03
2.473380416631698608e-03
2.507895929738879204e-03
2.540994202718138695e-03
2.572557423263788223e-03
2.602203516289591789e-03
2.630110364407300949e-03
2.657004632055759430e-03
2.681888639926910400e-03
2.705160761252045631e-03
2.726522274315357208e-03
2.746640937402844429e-03
2.764808246865868568e-03
2.780993469059467316e-03
2.795462729409337044e-03
2.808419521898031235e-03
2.819561865180730820e-03
2.828794531524181366e-03
2.836357569321990013e-03
2.842182060703635216e-03
2.846186514943838120e-03
2.848517848178744316e-03
2.848934615030884743e-03
2.847505034878849983e-03
2.844362985342741013e-03
2.839440712705254555e-03
2.832633210346102715e-03
2.824303694069385529e-03
2.813971601426601410e-03
2.802082570269703865e-03
2.788164885714650154e-03
2.772637410089373589e-03
2.755674533545970917e-03
2.736487425863742828e-03
2.715478418394923210e-03
2.693285001441836357e-03
2.669038251042366028e-03
2.643231302499771118e-03
2.616346580907702446e-03
2.586836693808436394e-03
2.556022955104708672e-03
2.524243202060461044e-03
2.490283921360969543e-03
2.454943722113966942e-03
2.417679876089096069e-03
2.379785757511854172e-03
2.339727012440562248e-03
2.297812141478061676e-03
2.254948485642671585e-03
2.210976323112845421e-03
2.165097743272781372e-03
2.118296222761273384e-03
2.070251153782010078e-03
2.020474057644605637e-03
1.969839446246623993e-03
1.918132533319294453e-03
1.864585326984524727e-03
1.810318208299577236e-03
1.755136530846357346e-03
1.698138308711349964e-03
1.640614122152328491e-03
1.582190394401550293e-03
1.522047561593353748e-03
1.460753264836966991e-03
1.400057459250092506e-03
1.337582827545702457e-03
1.274632755666971207e-03
1.210165210068225861e-03
1.145485788583755493e-03
1.080426271073520184e-03
1.013856730423867702e-03
9.481156594119966030e-04
8.805536199361085892e-04
8.118571131490170956e-04
7.442265050485730171e-04
6.750419270247220993e-04
6.058170110918581486e-04
5.363991367630660534e-04
4.657760146073997021e-04
3.963648050557821989e-04
3.255068440921604633e-04
2.556667895987629890e-04
1.843609061324968934e-04
1.132133111241273582e-04
4.119723962503485382e-05
